0 4.34351e-84 0 
0 0 0.0089397 0 
0 0 5.29525e-11 0 0 
0 0 5.13178e-07 0 0 0 
0 0 4.11605e-11 2.2065e-80 0 0 0 0 
0 0 9.77468e-11 5.20018e-78 0 0 0 0 0 
0 0 2.951e-10 9.22905e-86 0 0 0 0 0 0 
0 0 4.46975e-13 6.2768e-52 0 0 0 0 0 0 0 
0 0 0 1.01603e-206 0 0 0 0 0 0 0 0 0 
0 0 0 1.31389e-125 0 0 0 0 0 0 0 0 0 0 
0 0 0 2.78127e-129 0 0 0 0 0 0 0 0 0 0 0 
0 0 0 6.43858e-137 4.43783e-05 0 0 0 0 0 0 0 0 0 0 2.30256e-16 
0 0 0 3.53319e-140 1.26754e-05 0 0 0 0 0 0 0 0 0 0 0.0966117 0 
0.00216966 0 0 7.67311e-137 0.110702 0 0 0 0 0 0 0 0 0 0 0.152305 0 0 
9.74907e-08 0 0 0 0.022637 0 0 0 0 0 0 0 0 0 0 1.49279 0 0 0 
2.50989e-30 0 0 1.86869e-43 0.126937 0 0 0 0 0 0 0 0 0 0 0.222274 0 0 0 0 
5.27245e-44 0 0 6.33331e-26 0 0 0 0 0 0 0 0 0 0 0 0 0 0 0 0 
1.38833e-06 0 0 2.767e-135 0 0 0 0 0 0 0 0 0 0 0 0 0 0 0 0 0 
1.03329e-08 0 0 6.06358e-158 0 0 0 0 0 0 0 0 0 0 0 0 0 0 0 0 0 0 
9.88416e-251 0 0 5.37067e-56 0 0 0 0 0 0 0 0 0 0 0 0 0 0 0 0 0 0 0 0 
1.12817e-70 0 0 7.92192e-59 0 0 0 0 0 0 0 0 0 0 0 0 0 0 0 0 0 0 0 0 0 
1.71858e-69 0 0 4.16743e-58 0 0 1.10463e-254 0 0 0 0 0 0 0 0 0 0 0 0 0 0 0 0 0 0 5.6525e-55 
2.10876e-71 0 0 5.03319e-58 4.43902e-39 0 2.63429e-169 0 0 0 0 0 0 0 0 0 0 0 0 0 0 0 0 0 0 8.49566e-54 8.31467e-21 1.3944e-20 
1.56339e-70 0 2.71023e-89 4.95533e-86 6.43072e-83 0 3.92692e-278 0 0 0 0 1.13849e-36 0 0 0 0 0 0 0 3.03548e-40 2.27469e-32 0 0 0 0 8.26131e-54 2.69575e-35 3.54149e-10 1.048e-24 1.19689e-43 8.17233e-37 3.96808e-27 8.56358e-27 
3.50058e-49 0 2.8923e-89 1.09704e-59 4.54862e-45 0 0 0 0 0 0 1.79928e-31 0 0 0 0 0 0 0 1.2636e-22 2.3569e-31 0 0 0 0 0 9.9462e-23 7.36395e-10 2.62175e-23 1.9075e-43 4.93185e-37 9.95087e-16 2.04309e-74 7.00015e-09 3.32376e-33 
7.07659e-53 0 1.53148e-91 2.58785e-64 2.04811e-100 0 7.9163e-171 0 0 0 0 5.65215e-36 0 0 0 0 0 0 0 5.64795e-22 4.00954e-33 0 0 0 0 1.09922e-58 3.02576e-35 6.79827e-10 6.27716e-42 6.96009e-40 1.60146e-26 1.06424e-44 4.68809e-77 1.09056e-09 4.19223e-33 3.53515e-06 
0 0 0 
0 0 0 0 
0 0 0 0 0 0 0 0 0 
0 0 0 0 0 0 0 0 0 0 
0 0 0 0 0 0 0 0 0 0 0 
0 0 0 0 0 0 0 0 0 0 0 0 
0 0 0 0 0 0 0 0 0 0 0 0 0 
0 0 0 0 0 0 0 0 0 0 0 0 0 0 
0 0 0 0 0 0 2.59029e-25 3.14411e-25 0 0 0 0 0 0 0 
0 0 0 0 0 0 0 1.10819e-05 0 0 0 0 0 0 0 0 
0 0 0 0 0 0 6.97925e-09 0 0 0 0 0 0 0 0 0 0 0 
0 0 0 0 0 0 3.39979e-08 0 0 0 0 0 0 0 0 0 0 0 0 
0 0 0 0 0 0 6.4361e-09 0 0 0 0 0 0 0 0 0 0 0 0 0 
0 0 0 0 0 0 4.14049e-09 0 0 0 0 0 0 0 0 0 0 0 0 0 0 
0 0 0 0 0 0 0 0.0615545 0 0 0 0 0 0 0 0 0 0 0 0 0 0 
0 0 0 0 0 0 7.92723e-14 0 0 0 0 0 0 0 0 0 0 0 0 0 0 0 0 
0 0 0 0 0 0 0 1.75839e-05 0 0 0 0 0 0 0 0 0 0 0 0 0 0 0 0 0 0 
0 0 0 0 0 0 0 1.00051e-05 0 0 0 0 0 0 0 0 0 0 0 0 0 0 0 0 0 0 0 
0 0 0 0 0 0 0 1.06775e-05 0 0 0 0 0 0 0 0 0 0 0 0 0 0 0 0 0 0 0 0 0 0 0 
0 0 0 0 0 0 0 2.08421e-05 0 0 0 0 0 0 0 0 0 0 0 0 0 0 0 0 0 0 0 0 0 0 0 0 
0 0 0 0 0 0 0 2.33178e-05 0 0 0 0 0 0 0 0 0 0 0 0 0 0 0 0 0 0 0 0 0 0 0 0 0 
0 0 0 0 0 0 1.40678e-18 1.38897e-19 0 0 0 0 0 0 0 0 0 0 0 0 0 0 0 0 0 0 0 0 0 0 0 0 0 0 0 
0 0 0 0 0 0 7.24456e-46 3.5351e-06 0 0 0 0 0 0 0 0 0 0 0 0 0 0 0 0 0 0 0 0 0 0 0 0 0 0 0 0 
0 0 0 0 0 0 1.47605e-09 9.56295e-12 0 0 0 0 0 0 0 0 0 0 0 0 0 0 0 0 0 0 0 0 0 0 0 0 0 0 0 0 0 
0 0 0 0 0 0 0 2.34798e-06 0 0 0 0 0 0 0 0 0 0 0 0 0 0 0 0 0 0 0 0 0 0 0 0 0 0 0 0 0 0 
0 0 0 0 0 0 1.13755e-17 2.89913e-06 0 0 0 0 0 0 0 0 0 0 0 0 0 0 0 0 0 0 0 0 0 0 0 0 0 0 0 0 0 0 0 
0 0 0 0 0 0 5.75005e-17 2.25894e-06 0 0 0 0 0 0 0 0 0 0 0 0 0 0 0 0 0 0 0 0 0 0 0 0 0 0 0 0 0 0 0 0 
0 0 0 0 0 0 3.42308e-17 2.38501e-06 0 0 0 0 0 0 0 0 0 0 0 0 0 0 0 0 0 0 0 0 0 0 0 0 0 0 0 0 0 0 0 0 0 0 
0 0 0 0 0 0 0 3.14584e-06 0 0 0 0 0 0 0 0 0 0 0 0 0 0 0 0 0 0 0 0 0 0 0 0 0 0 0 0 0 0 0 0 0 0 0 
0 0 0 0 0 0 7.25064e-12 1.60149e-07 0 0 0 0 0 0 0 0 0 0 0 0 0 0 0 0 0 0 0 0 0 0 0 0 0 0 0 0 0 0 0 0 0 0 0 0 
0 0 0 0 0 0 0 8.72245e-06 0 0 0 0 0 0 0 0 0 0 0 0 0 0 0 0 0 0 0 0 0 0 0 0 0 0 0 0 0 0 0 0 0 0 0 0 0 0 0 0 
0 0 0 0 0 0 1.40349e-18 5.87156e-06 0 0 0 0 0 0 0 0 0 0 0 0 0 0 0 0 0 0 0 0 0 0 0 0 0 0 0 0 0 0 0 0 0 0 0 0 0 0 0 0 0 0 
0 0 0 0 0 0 0 8.83556e-06 0 0 0 0 0 0 0 0 0 0 0 0 0 0 0 0 0 0 0 0 0 0 0 0 0 0 0 0 0 0 0 0 0 0 0 0 0 0 0 0 0 0 0 
0 0 0 0 0 0 2.93268e-09 1.62606e-11 0 0 0 0 0 0 0 0 0 1.32963e-21 0 0 0 0 0 0 0 0 0 0 0 0 0 0 0 0 0 0 0 0 0 0 0 0 0 0 0 0 0 0 0 0 0 2.20699e-15 
0 0 0 0 0 0 0 1.40198e-05 0 0 0 0 0 0 0 0 0 2.78137e-22 0 0 0 0 0 0 0 0 0 0 0 0 0 0 0 0 0 0 0 0 0 0 0 0 0 0 0 0 0 0 0 0 0 2.48158e-15 0 
0 0 0 0 0 0 1.82027e-17 3.40132e-06 0 0 0 0 0 0 0 0 0 8.55208e-22 0 0 0 0 0 0 0 0 0 0 0 0 0 0 0 0 0 0 0 0 0 0 0 0 0 0 0 0 0 0 0 0 5.90998e-10 3.69281e-16 0 0 
0 0 0 0 0 0 1.2859e-07 1.48536e-11 0 0 0 7.3251e-36 0 0 0 0 0 5.84392e-22 0 0 0 0 0 0 0 6.35588e-16 0 0 3.21132e-26 0 0 0 0 0 0 0 0 0 0 0 0 0 0 0 0 0 0 0 0 0 0 2.21161e-15 0 4.27852e-30 0 0 2.49452e-34 
0 0 0 0 0 0 1.78352e-08 4.98747e-05 0 0 0 3.52781e-31 0 0 0 0 0 0 0 0 0 0 0 0 0 0 0 0 2.58282e-26 0 0 0 0 0 0 0 0 0 0 0 0 0 0 0 0 0 0 0 0 0 0 1.46633e-15 0 3.81453e-29 0 3.15801e-19 0 4.49288e-22 
0 0 0 0 0 0 1.84217e-27 4.25994e-09 3.94123e-112 0 3.41547e-06 9.56472e-36 0 0 0 0 0 0 0 0 0 0 0 0 0 0 0 0 0 0 0 0 0 0 0 0 0 0 0 1.18008e-41 0 0 0 0 0 0 0 0 0 0 0 0 0 0 0 8.36919e-20 2.29459e-30 4.14602e-40 5.44923e-11 
0 0 0 0 0 0 5.12134e-17 6.61084e-09 4.45167e-67 0 1.99864e-07 1.34178e-35 0 0 0 0 0 0 0 0 0 0 0 0 0 0 0 0 5.00019e-18 0 0 0 0 0 0 0 0 0 0 0 0 0 0 0 0 0 0 0 0 0 1.00634e-11 3.1065e-16 0 0 0 4.82095e-19 5.75165e-33 4.01952e-42 5.71485e-06 1.90952e-25 
0 0 0 0 0 0 9.97823e-09 1.50495e-08 4.02799e-53 0 2.03781e-11 5.40212e-21 0 0 2.12956e-26 0 0 0 0 0 0 0 0 0 0 0 0 0 1.44857e-30 0 0 0 0 0 0 0 0 0 0 0 0 0 0 0 0 0 0 0 0 0 2.33586e-11 2.1674e-15 0 2.42603e-31 0 0 7.02206e-16 6.5687e-14 1.74711e-11 4.59146e-21 3.5056e-09 8.00405e-08 3.49809e-07 7.84551e-12 
0 0 0 0 0 0 2.12234e-10 3.5759e-05 9.69216e-56 0 1.37227e-10 4.76017e-25 0 0 4.99592e-41 0 0 0 0 0 0 0 0 0 0 0 0 0 2.53496e-30 0 0 0 0 0 0 0 0 0 0 0 0 0 0 0 0 0 0 0 0 0 1.27086e-11 7.27003e-16 0 2.70916e-30 0 6.59573e-17 4.32294e-17 4.01727e-11 4.14776e-11 1.47738e-20 1.56355e-08 4.59316e-17 6.25865e-07 9.42867e-13 1.13759e-12 
0 0 0 0 0 0 5.27378e-10 3.8698e-05 5.76681e-50 0 6.50826e-11 2.88179e-21 0 0 7.13304e-23 0 0 4.37287e-21 0 0 0 0 0 0 0 0 0 0 1.01341e-30 0 0 0 0 0 0 0 0 0 0 0 1.6235e-09 0 0 0 0 0 0 0 0 0 8.12491e-12 0 0 1.66724e-30 0 4.12454e-16 7.44617e-16 4.49716e-15 1.83685e-06 1.66484e-21 3.75797e-09 1.27546e-08 3.67742e-07 6.12967e-12 5.73554e-11 1.11338e-06 
0 0 0 0 0 0 1.12281e-20 2.27217e-05 1.3001e-54 0 1.03592e-10 1.71042e-33 0 0 0 0 0 0 0 0 0 0 0 0 0 0 0 0 0 0 0 0 0 0 0 0 0 0 0 3.3706e-32 0.000283361 0 0 0 0 0 0 0 0 0 9.37608e-12 0 0 2.17656e-31 0 0 2.62673e-28 9.72966e-14 1.15226e-06 5.25196e-21 1.10958e-08 4.11452e-09 3.87806e-07 1.50702e-12 2.35307e-12 0 2.42068e-08 
0 0 0 0 0 0 7.85556e-21 1.34578e-05 8.94774e-53 0 4.70163e-11 1.50671e-34 0 0 5.66249e-42 0 9.48984e-05 0 0 0 0 0 0 0 0 0 0 0 8.04957e-26 0 0 0 0 0 0 0 0 0 0 0 1.42452e-08 0 0 0 0 0 0 0 0 0 7.5818e-12 0 0 3.53661e-31 0 5.08185e-17 6.43009e-28 7.26879e-13 0 1.11477e-20 4.6814e-09 1.50751e-08 4.87973e-07 6.98915e-13 8.86847e-13 3.37447e-05 5.30671e-13 1.2635e-05 
0 0 0 0 0 0 1.97312e-08 3.57542e-08 1.35658e-46 0 3.87922e-08 2.51609e-09 0 0 1.89754e-29 0 1.97849e-05 0 0 0 0 0 0 0 0 0 0 0 1.63451e-26 0 0 0 0 0 0 9.28439e-11 0 0 0 3.50645e-16 7.74601e-10 0 0 0 0 0 0 0 0 0 3.17013e-12 9.9706e-13 0 6.34379e-32 0 0 1.37009e-22 4.41265e-15 1.43421e-06 3.91329e-21 3.81267e-06 2.22938e-08 4.17628e-07 2.5394e-08 5.0329e-08 4.33772e-05 8.99963e-06 1.90746e-05 4.0317e-06 3.18806e-10 0.0010293 
0 0 0 0 0 0 8.82973e-09 9.54196e-09 3.70595e-57 0 1.27344e-07 2.72017e-06 0 0 2.82288e-27 0 3.0709e-09 9.29772e-28 0 0 0 0 0 0 0 0 0 0 5.03789e-27 0 0 0 0 0 0 1.79315e-14 0 0 0 1.29996e-16 1.2696e-09 0 0 0 0 0 0 0 0 0 7.61236e-12 5.41619e-13 0 8.00324e-32 0 0 6.99018e-24 3.68905e-13 3.48456e-07 9.48377e-21 1.87219e-05 4.87382e-10 7.47546e-07 2.14359e-08 4.44796e-08 2.29459e-13 2.65527e-06 3.20553e-05 1.69971e-06 9.81549e-10 0.00279674 3.28192e-06 
0 0 0 0 0 0 9.27805e-17 2.65234e-05 1.01424e-16 0 2.10705e-08 5.2374e-07 0 0 5.56053e-30 0 0 0 0 0 0 0 0 0 0 0 0 0 1.66091e-26 0 0 0 0 0 0 4.60965e-11 0 0 0 6.795e-17 1.06378e-10 0 0 0 0 0 0 0 0 0 1.05693e-11 0 0 2.41592e-31 0 1.00964e-26 1.04585e-24 7.2682e-16 1.35266e-06 3.26334e-22 3.75817e-05 6.80499e-08 9.07352e-07 4.88563e-08 6.0232e-08 6.51752e-13 3.65264e-15 9.27506e-05 3.8685e-06 3.56768e-10 0.000408991 1.00837e-05 4.59371e-06 
0 0 0 0 0 0 0 8.39628e-07 5.96677e-08 0 2.21228e-14 2.32763e-13 0 0 3.57501e-30 0 2.01794e-05 8.5688e-07 0 0 0 0 0 0 0 0 0 0 0 0 0 0 0 0 0 5.65994e-10 0 0 0 4.99365e-22 6.00201e-15 0 0 0 0 0 0 0 0 0 1.18071e-12 0 0 0 0 1.15924e-17 2.70191e-17 1.05975e-24 3.49984e-07 2.05249e-14 1.26341e-10 1.96026e-07 9.9922e-08 4.96644e-14 5.12782e-14 4.42732e-06 3.23586e-15 3.03065e-08 2.00809e-07 1.31751e-05 1.20699e-05 0.00461802 1.75502e-06 4.51486e-05 0.00281818 1.80955e-10 
0 0 0 0 0 0 3.91244e-13 1.31246e-12 9.92348e-06 0 1.10856e-14 1.10782e-14 0 0 1.91107e-31 0 3.10437e-05 5.62695e-06 0 0 0 0 0 0 0 0 0 0 0 0 0 0 0 0 0 3.80119e-12 0 0 0 2.93377e-22 4.23204e-10 0 0 0 0 0 2.70481e-13 0 0 0 1.95593e-12 0 0 0 0 0 7.21941e-08 8.0933e-12 3.41524e-07 4.09114e-15 1.31057e-07 5.6526e-09 9.35904e-08 2.37254e-14 8.0013e-14 0 1.92245e-15 2.98245e-07 9.32941e-06 1.98446e-08 0.000857842 4.71996e-06 3.25838e-06 6.59967e-05 0.0239352 1.75238e-09 4.59961e-05 
0 0 0 0 0 0 4.56503e-13 1.68385e-12 1.06542e-10 0 3.02796e-08 6.27049e-18 0 0 4.41452e-29 0 0 0.00219349 0 0 0 0 0 0 0 0 0 0 0 0 0 0 0 0 0 2.83908e-12 0 0 0 5.48193e-22 1.78954e-09 0 0 0 0 0 0 0 0 0 1.18995e-11 2.08781e-14 0 0 0 0 3.98089e-05 8.98394e-11 1.43776e-11 2.46729e-14 6.58434e-05 2.16082e-09 3.70256e-08 2.61205e-13 4.00416e-14 3.22324e-06 2.15166e-07 5.37833e-07 4.66505e-06 8.91653e-06 0.00103135 0.000300426 3.26667e-07 2.85263e-05 0.0122504 4.61829e-11 0.00734022 8.64834e-06 
0 0 0 0 0 0 1.31845e-14 1.04446e-07 4.61845e-10 0 6.29795e-08 7.10422e-13 0 0 1.31099e-28 0 0 0.0329449 0 0 0 0 0 0 0 0 0 0 0 0 0 0 0 0 0 2.48529e-11 0 0 0 3.91131e-22 9.34784e-10 0 0 0 0 0 0 0 0 0 5.12821e-13 3.81502e-14 0 0 0 0 7.82405e-06 1.98118e-09 1.83236e-07 4.33897e-22 1.68306e-05 2.0439e-16 8.32153e-08 4.75708e-13 1.40956e-13 7.1781e-09 5.6984e-07 6.69186e-15 1.01747e-07 9.78319e-07 0.000522541 0.00151815 1.60125e-06 0.000291362 3.74625e-06 4.27386e-10 2.70311e-05 2.04641e-05 7.16418e-06 
0 0 2.28982e-21 0 0 0 3.56202e-14 3.89931e-08 3.0305e-08 0 1.64326e-08 3.72967e-14 0 0 0 0 7.1743e-13 4.32127e-05 0 0 0 0 0 0 0 0 0 0 1.00339e-24 0 0 0 0 0 0 4.10642e-10 0 0 0 3.03967e-22 0 0 0 0 0 0 0 0 0 0 0 2.64215e-13 0 0 0 2.997e-27 3.07385e-13 2.64144e-18 2.09745e-12 1.17889e-21 7.78432e-10 1.60185e-13 1.96443e-07 2.19319e-09 3.40201e-09 6.478e-10 2.12021e-06 0.000159037 0.000152255 7.9652e-07 0.00107478 0.000119064 3.44018e-06 6.36375e-05 0.000145144 9.18043e-10 7.79916e-05 3.01073e-05 3.17604e-07 0.000234089 
0 0 1.26356e-20 0 0 0 3.07661e-13 1.29286e-06 3.75678e-08 0 3.14226e-08 8.85471e-14 0 0 0 0 1.46855e-06 6.51437e-07 0 0 0 0 0 0 0 0 0 0 1.66347e-24 0 0 0 0 0 0 1.64038e-24 0 0 0 3.78426e-22 5.3801e-08 0 0 0 0 0 0 0 0 0 0 5.07777e-14 0 0 0 1.37044e-26 3.44737e-14 8.10821e-12 1.11741e-07 5.06665e-13 7.33241e-10 0.000734517 1.11778e-07 8.88412e-09 1.35701e-08 9.41106e-09 4.67437e-07 3.20079e-09 1.27798e-09 2.31337e-09 0.000492278 4.37047e-07 2.82794e-06 7.03759e-05 2.51549e-05 3.36423e-10 6.61126e-05 5.32684e-05 0.000264991 0.000957333 0.00055973 
0 0 1.06758e-12 0 0 0 4.96256e-15 2.23361e-07 7.95207e-07 0 4.00138e-08 3.80368e-15 0 0 1.03069e-38 0 1.13969e-05 0.00203061 0 0 0 0 0 0 0 0 0 0 1.91601e-23 0 0 0 0 0 0 2.30894e-19 0 0 0 1.00592e-22 2.84483e-09 0.190332 0 0 0 0 0 0 0 0 2.03199e-14 0 0 0 0 1.74238e-27 1.58963e-12 1.00185e-10 2.58654e-08 4.99873e-13 7.7357e-10 0.00692929 4.69176e-12 1.99789e-08 1.76712e-08 1.75146e-05 4.27067e-14 8.61318e-06 1.65932e-09 9.84433e-10 0.00706283 5.03145e-07 5.82086e-13 1.60803e-07 1.54227e-09 1.81406e-11 0.000105767 4.84666e-07 0.000157507 0.000378618 0.000682143 0.0253616 
0 0 0 0 3.24074e-07 0 6.08414e-14 1.03182e-13 0 3.24642e-08 2.27274e-06 9.10394e-08 0 0 0 0 0 0 0 0 0 0 0 0 0 0 6.71739e-11 0 0 3.01908e-13 1.61854e-06 0 0 0 0 1.96258e-12 0 0 0 0 4.08183e-14 0 0 0 0 3.50589e-08 2.21297e-11 7.65535e-14 7.74444e-16 4.7573e-08 0.0118389 8.27404e-09 4.29933e-12 0 1.15978e-05 2.39888e-08 7.97514e-08 5.41614e-05 2.26934e-07 7.70649e-09 1.22977e-06 1.35036e-07 2.21111e-09 1.81453e-07 6.169e-05 2.80859e-06 0.00193952 1.12368e-08 0.000437266 0.00104853 0 0 0 0.000499963 0.0017542 0 6.58179e-15 0 0.277388 9.5808e-05 0 0 0.000472523 0.00839487 
0 0 0 0 1.49677e-07 0 1.00919e-06 1.37751e-11 0 0.0031655 1.31253e-14 0 0 0 0 0 0 0 0 0 0 0 0 0 0 1.10487e-12 0 0 1.2068e-26 4.03911e-10 0 0 0 0 0 0 0 0 8.76617e-11 0 0 2.66402e-31 0 0 5.8197e-10 2.88993e-09 4.35273e-21 9.69023e-09 1.33961e-11 8.70283e-10 1.52269e-10 3.66177e-05 1.12662e-11 4.35622e-10 4.95629e-07 3.88452e-07 0.000422373 5.22603e-08 0.0144277 5.91556e-10 2.45841e-10 6.79437e-11 1.6694e-06 5.33006e-06 0 4.58891e-07 8.50456e-24 0 9.10507e-09 0.00144464 0 0.0562469 0.00992909 4.5402e-10 1.83837e-14 0 0.0582218 0 0.00283147 0.0308271 0 0 0.150918 0.131297 
0 0 0 0 4.47369e-06 0 9.07387e-06 1.04267e-10 0 0 7.09812e-11 0 0 0 0 0 0 0 0 0 0 0 0 0 0 1.20937e-10 0 0 3.47955e-16 0 0 0 0 0 3.05335e-14 0 0 0 7.8235e-15 0 0 0 0 0 8.03983e-07 1.4409e-07 1.78524e-19 3.45642e-08 2.1611e-10 0 0 1.37288e-11 7.83803e-12 0.000116572 9.03592e-05 3.6453e-06 2.39413e-07 6.13873e-08 2.7771e-12 9.30228e-10 6.35919e-06 0.000171598 9.25536e-12 0.00685823 0.00135965 0.000148264 0.000337569 0 1.72059e-05 0 0 0 1.01299e-12 0 5.40062e-05 7.91005e-08 0 7.615e-12 0 0.0153357 0.00454942 0.0194478 0.360281 
