0 0 0 
0 0 0 0 
0 0 0 0 0 0 
0 0 1.38838e-185 0 0 0 0 
0 0 8.70162e-148 1.09225e-272 0 0 0 9.35794e+09 
0 0 3.89786e-139 8.64466e-258 1.53416e-46 0 0 
0 0 1.35876e-139 6.58057e-259 1.47557e-46 0 0 0 
0 0 6.71276e-153 4.61775e-266 1.32952e-42 0 0 0 7.64479e-71 0 1.38924e-40 
0 0 1.951e-173 0 1.54514e-46 0 0 0 1.28391e-87 0 2.80455e-41 0 
0 0 9.57186e-160 1.89218e-303 1.74929e-46 0 0 0 2.34671e-81 0 3.95502e-38 5.77462e-273 0 
0 0 2.10124e-161 0 0 0 0 0 5.30827e-77 0 2.33409e-41 5.75406e-242 5.42629e-40 3.16095e-44 1.00911e-65 
6.71215e-294 0 5.7896e-143 0 0 0 3.06189e-109 0 8.06268e-72 0 1.24945e-90 2.3161e-90 9.0128e-39 1.77025e-41 4.95762e-37 2.95272e-36 
0 0 1.52945e-138 3.4872e-264 2.04422e-46 0 2.35355e-107 0 4.70051e-71 0 1.73901e-74 2.30126e-88 8.44383e-34 1.14622e-37 1.44447e-31 3.59555e-31 2.17389e-35 
0 0 3.60549e-137 1.67653e-265 1.4612e-46 0 3.14577e-106 1.18726e-256 8.25314e-69 0 8.85141e-75 1.18747e-85 1.74799e-33 5.76479e-38 1.03988e-31 1.14176e-31 2.78198e-36 1.30696e-151 
1.47264e-156 0 1.10128e-140 9.74138e-233 1.92169e-40 0 2.45045e-96 0 1.26973e-51 0 1.44609e-54 1.70672e-153 1.05063e-36 1.57871e-26 3.16269e-33 1.52074e-31 4.12424e-49 9.25655e-150 1.61651e-43 1.9895e-114 
1.4635e-157 0 1.19517e-139 2.42319e-230 2.35538e-39 0 5.04747e-102 0 6.59872e-51 0 6.69751e-55 3.24559e-158 6.48054e-37 4.22235e-26 1.21493e-32 3.73746e-31 4.52537e-49 1.67728e-150 5.86592e-43 1.49205e-111 6.95675e-33 
1.73921e-154 0 2.33821e-141 7.21815e-234 1.52673e-43 0 6.21095e-103 1.5974e-185 4.36759e-52 0 1.77529e-55 1.11614e-98 2.04823e-36 6.07032e-45 3.29648e-31 5.77454e-35 1.33734e-49 3.85752e-152 1.44234e-43 7.4977e-113 2.61644e-22 8.40541e-145 
1.26821e-46 0 4.39048e-149 3.76464e-306 6.18795e-40 0 1.63462e-114 7.44094e-185 3.11363e-77 0 3.69094e-73 8.43431e-155 7.58576e-40 2.08371e-46 2.29147e-32 1.01244e-36 1.53962e-48 2.51027e-154 8.02568e-61 3.96253e-94 2.09035e-34 4.9821e-148 2.14885e-24 
1.36073e-41 0 4.04778e-126 0 2.41484e-39 1.38476e-123 0 1.47022e-132 9.06627e-71 0 2.18479e-52 4.65219e-159 3.56672e-36 6.40434e-27 1.42001e-38 8.43976e-32 1.3454e-46 4.20185e-147 1.73149e-58 2.09133e-89 1.39277e-36 1.42548e-149 7.04346e-24 2.99633e-16 
3.78412e-42 0 5.68974e-131 3.45336e-217 5.14099e-39 6.09007e-129 1.48798e-33 1.13338e-133 2.9716e-48 0 3.08689e-52 9.84748e-154 2.97071e-32 4.96856e-26 5.17823e-32 5.71796e-30 5.40072e-36 3.60028e-148 8.70929e-37 2.82592e-61 2.0397e-30 5.68311e-152 1.95252e-12 1.30273e-16 2.06696e-16 
3.28391e-43 1.72988e-189 1.89887e-161 0 2.57846e-40 8.24716e-125 1.61062e-32 9.4615e-226 7.31214e-78 0 5.68131e-53 5.9488e-157 1.52432e-38 5.86851e-27 5.01035e-30 7.92533e-32 2.28577e-46 2.00092e-154 7.67578e-50 1.22346e-30 5.08436e-36 5.67295e-154 8.47895e-16 5.0116e-17 7.02721e-17 1.06439e-05 1.69029e-55 
1.05721e-53 8.98768e-172 0 0 6.83142e-89 1.71331e-40 2.95091e-35 3.47651e-43 4.06095e-41 9.45058e-52 4.08671e-257 5.89764e-34 4.5683e-31 5.54307e-12 0.00862536 5.77885e-148 6.43229e-236 6.41501e-182 1.60719e-65 0 2.56666e-158 1.2362e-252 1.01214e-28 5.8534e-55 6.83386e-240 3.34449e-17 2.28839e-39 
3.11007e-53 2.41792e-119 0 0 4.5204e-75 2.41408e-38 5.06531e-34 1.21529e-42 4.96578e-40 4.64467e-51 1.74101e-152 2.28235e-28 8.51652e-17 6.96955e-12 2.86407e-81 0 2.37271e-248 7.84504e-136 5.32832e-18 0.123214 3.23279e-120 6.11697e-30 4.49005e-157 4.60437e-136 1.18145e-78 2.32532e-53 1.46398e-32 
2.24264e-51 1.38636e-116 0 0 3.38653e-75 7.52454e-37 4.35805e-34 2.35824e-42 6.2033e-40 4.27979e-51 1.20565e-158 6.27215e-28 5.65173e-31 3.01896e-21 1.17999e-81 0 4.80968e-157 1.15864e-212 2.27008e-18 1.26962 2.26222e-120 4.36973e-31 2.34073e-154 1.05386e-136 9.56114e-51 4.37423e-54 1.55975e-27 
9.50993e-56 6.04688e-126 7.33779e-293 0 5.67446e-72 2.96116e-37 3.04729e-35 3.92949e-41 1.15695e-39 1.18101e-50 6.24404e-162 6.07225e-28 1.79316e-17 3.55542e-21 4.19195e-82 0 1.62779e-161 6.93051e-213 3.8118e-17 1.65488e-118 6.50313e-31 2.94597e-145 3.40709e-135 4.6599e-51 5.33754e-53 7.0029e-91 
1.12292e-282 0 8.93054e-71 1.65487e-36 4.17903e-34 5.17739e-35 6.00295e-34 1.52586e-39 6.98152e-167 8.56601e-25 2.14329e-14 3.07521e-12 1.53012e-88 0.00669454 2.82884e-153 3.87897e-167 4.06291e-221 2.79393e-28 0 1.56533e-52 6.80503e-28 6.568e-68 7.72548e-13 3.92372e-42 8.9717e-155 3.08577e-133 5.88622e-189 
0 0 0 
0 0 0 0 
0 0 0 4.70439e-05 3.89053e-29 0 
0 0 0 0.0167544 1.8262e-36 0 0 
0 0 0 0.00760219 1.96693e-28 0 0 0 
2.98712e-59 0 0 0.000327815 2.21001e-151 0 5.54227e-26 3.34493e-26 4.00915e-25 
8.25622e-55 0 0 0.00062783 2.39312e-186 0 4.7854e-26 3.6388e-24 5.227e-24 0 
5.9205e-22 0 0 3.66783e-05 9.92839e-18 0 0 7.30689e-65 0 1.69294e-32 0 2.68437e-29 0 
4.85173e-17 0 0 9.51895e-06 6.24117e-36 0 3.33777e-37 4.08038e-44 1.42757e-30 1.15088e-33 0 1.51692e-28 3.10331e-23 2.11507e-35 
1.46278e-30 0 0 0.00192462 6.04013e-61 0 2.58236e-35 6.62396e-32 1.16568e-27 1.07177e-40 0 1.42762e-28 0 2.99895e-33 7.02709e-44 
9.7351e-09 0 0 0.00124807 7.13639e-36 0 1.53089e-35 2.15766e-46 2.3078e-27 4.16963e-40 0 3.62849e-28 0 9.40682e-34 1.42789e-22 5.99241e-29 
9.34241e-10 2.99403e-25 0 0.000684096 4.47689e-32 0 2.31929e-35 2.05057e-37 2.10035e-29 1.72442e-37 5.71209e-34 1.79616e-26 0 2.58439e-33 1.40862e-20 6.02139e-29 2.8451e-33 
1.3696e-06 4.66824e-25 0 8.53902e-05 5.49099e-19 0 1.46206e-38 4.70829e-43 1.33054e-26 8.48227e-40 0 2.30575e-30 0 6.62103e-46 3.88944e-44 4.29333e-29 1.65243e-43 5.31204e-27 
6.77828e-15 9.98283e-25 0 0.000114687 1.99021e-20 0 8.36737e-39 1.3178e-43 3.98938e-27 1.3474e-38 0 5.33335e-30 1.55363e-25 2.28149e-46 1.32084e-44 3.33906e-31 1.23644e-43 5.64531e-28 0 
5.67205e-14 3.9239e-26 0 0.000235898 1.27117e-18 0 3.00012e-37 7.19842e-35 1.42414e-30 9.63745e-40 1.28976e-34 2.45239e-29 0 1.04523e-34 7.21952e-39 4.19485e-32 9.92465e-44 6.58748e-25 7.72512e-22 7.46795e-16 
4.00997e-06 1.34234e-26 0 0.000221015 5.86006e-18 0 1.27194e-37 6.94318e-35 2.80023e-24 3.36332e-43 3.27112e-34 1.53794e-29 0 2.42537e-28 8.72746e-20 5.03498e-31 3.8782e-44 4.41709e-25 1.35351e-21 5.15534e-16 4.43551e-45 
7.75263e-05 8.62446e-26 0 0.000530238 3.17338e-18 0 8.12242e-37 7.2545e-34 2.12157e-30 1.66834e-40 1.63901e-34 2.11247e-28 6.60604e-30 1.41811e-36 1.15302e-19 9.46139e-29 2.75134e-39 2.01083e-23 6.82962e-21 1.76535e-15 3.98784e-44 3.93296e-10 
0.00530449 9.83412e-27 0 0.000301263 5.46086e-18 0 5.13776e-36 8.04963e-34 4.95261e-30 5.07493e-39 4.62003e-34 5.1905e-28 3.98372e-29 6.71558e-27 1.20279e-19 1.38284e-28 5.9473e-44 1.65605e-24 2.83263e-21 1.55517e-15 8.30746e-43 2.66625e-10 5.07738e-11 
0.000637998 2.26725e-26 0 0.000149698 5.57971e-17 0 4.76834e-37 2.10963e-33 9.14097e-24 5.42754e-38 3.00462e-34 5.74182e-27 1.34359e-29 8.86314e-18 5.27587e-10 2.89453e-30 2.63969e-35 6.43887e-22 2.75381e-21 1.54749e-15 1.23443e-32 9.91887e-10 6.96534e-08 3.63294e-13 
0.00701325 9.83914e-26 7.63638e-15 0.000314734 1.44722e-16 9.44964e-14 8.78759e-36 3.97468e-37 2.16549e-23 1.8715e-37 1.89848e-23 3.61693e-27 1.04721e-19 4.91621e-10 3.27466e-09 7.27178e-31 1.15019e-34 1.60731e-21 6.43863e-22 5.73159e-16 2.65252e-37 1.41025e-09 9.3189e-08 1.40912e-12 3.87671e-09 9.83929e-14 
0.00250974 2.01968e-25 0 0.000243285 1.92916e-18 4.07614e-22 1.18752e-37 1.0719e-33 3.23448e-24 1.54461e-38 1.12708e-31 1.35786e-27 0 9.14952e-19 1.69608e-10 4.70213e-55 4.30198e-36 1.32677e-22 8.67516e-22 2.91958e-16 6.11203e-35 3.57214e-10 2.62055e-08 2.97365e-12 9.09097e-12 2.99772e-11 1.33545e-17 
0.000820858 6.17111e-26 3.02387e-13 1.30033e-05 5.48365e-07 2.14742e-21 1.00127e-38 5.95339e-35 0 2.14284e-39 2.9065e-29 7.06911e-26 1.99524e-31 6.63694e-10 8.56664e-18 2.2008e-17 6.53069e-39 1.1123e-21 1.37371e-22 5.48735e-17 1.76471e-36 6.04125e-11 8.19731e-12 4.26268e-12 4.88566e-11 9.13823e-08 1.66555e-18 6.03978e-06 1.53566e-12 
0.000907553 1.849e-25 5.54374e-14 3.62175e-05 2.78171e-07 3.06744e-22 4.10816e-38 1.19865e-33 4.34085e-25 4.6526e-33 9.42877e-37 3.05752e-28 0 6.18682e-18 2.19753e-17 9.80929e-17 6.56525e-36 1.95896e-21 3.99022e-22 3.03946e-16 1.40816e-29 3.46199e-10 1.31938e-11 5.30005e-13 9.3597e-11 3.08592e-08 8.50086e-18 7.64577e-06 1.28084e-12 6.48824e-06 
0.436069 2.98516e-26 1.39582e-13 0.000493017 4.82765e-07 5.75084e-13 6.38887e-34 5.11455e-38 4.36312e-25 1.13686e-07 1.39451e-22 7.6993e-27 0 6.51749e-10 1.22419e-17 2.26581e-18 1.03788e-33 1.19246e-21 4.07641e-22 1.48406e-16 8.29859e-30 2.63049e-10 1.66871e-10 9.56406e-13 7.72523e-08 2.88754e-08 1.62936e-14 7.50967e-06 4.77842e-12 2.35562e-05 0.00529299 
0.0624969 4.43033e-26 1.00419e-12 9.32969e-05 1.03672e-06 4.55543e-22 8.57287e-09 4.96487e-30 1.74659e-23 2.31779e-10 2.10712e-36 1.35648e-26 6.32996e-20 2.9207e-09 6.99746e-10 2.67647e-14 4.49677e-35 1.86685e-21 1.13388e-21 4.31822e-16 4.94952e-36 2.45992e-10 5.87424e-08 1.24154e-12 7.08759e-11 4.68492e-08 2.22558e-17 1.59213e-05 0.00244178 9.17601e-06 0.00543754 0.00168342 0.00224489 
0.00945215 7.13714e-25 1.55098e-13 0.000189839 3.75608e-07 2.37012e-19 3.2904e-08 5.24175e-06 4.17506e-23 3.22329e-10 3.0295e-26 6.29575e-24 1.60229e-20 1.7549e-18 2.02709e-07 7.29451e-23 7.76274e-33 1.5134e-21 9.85994e-22 3.81898e-16 4.56098e-51 1.09021e-10 8.22275e-08 5.86121e-12 1.0448e-07 6.82287e-07 1.09845e-17 5.72243e-05 0.00269322 9.92204e-06 0.00450574 0.000207291 1.6958e-05 9.6838e-10 
0.0461697 3.8616e-25 1.06445e-13 0.000993284 2.53985e-07 3.29533e-13 3.16318e-08 2.82529e-08 8.48158e-23 8.27848e-11 1.84833e-23 3.04342e-24 2.18167e-19 2.36806e-19 6.17168e-05 2.68809e-24 3.02472e-34 1.43765e-19 3.88912e-22 2.0917e-16 4.33773e-35 2.60381e-10 7.91236e-08 4.5711e-14 4.29288e-09 3.14624e-07 4.02963e-15 1.27395e-05 0.00323304 1.59552e-05 0.0107137 0.00384833 2.45369e-05 1.71743e-09 6.61461e-06 
0.00331514 5.57487e-26 3.28858e-13 0.000138032 6.89071e-07 1.08709e-13 7.18182e-09 8.45326e-09 1.17228e-22 4.07084e-06 2.83647e-23 1.84375e-23 1.75553e-19 9.18937e-11 0.000327227 2.17769e-11 3.98638e-33 8.70338e-20 1.18484e-22 3.16505e-18 0.00174619 2.75563e-09 6.7854e-07 7.54751e-13 2.90346e-09 5.48952e-07 1.32533e-15 3.66669e-09 0.00367338 1.05153e-05 0.00541237 0.000614108 0.00806657 2.68613e-05 0.000114424 0.000841321 
9.77426e-27 0 6.56568e-05 8.82117e-07 2.19892e-09 1.91375e-25 1.38708e-07 4.78073e-29 2.10402e-12 0.000559044 4.92837e-19 4.40539e-05 8.1419e-10 3.92755e-08 7.41509e-14 2.48272e-10 3.33276e-09 2.23375e-17 1.01377e-06 1.61551e-05 0.00607393 0.000591658 5.65729e-07 0.000388871 0.00133122 8.94458e-26 0.000780142 0.00109498 3.07863e-06 1.09518e-23 0.000127206 2.90938e-38 4.75303e-27 8.09066e-30 2.17728e-15 2.61166e-14 
1.26044e-26 3.84431e-10 6.09012e-05 6.42448e-07 1.55779e-08 2.62408e-22 5.58551e-07 0 6.83269e-12 4.84476e-05 1.11248e-17 0.000273668 4.78877e-10 1.17033e-08 2.57939e-12 2.50283e-07 8.92012e-08 1.81577e-19 9.61598e-07 1.09156e-05 0.000218532 0.000262485 0.000210316 8.63702e-06 0.000911614 0.0016734 2.24208e-31 9.34126e-25 7.1839e-28 4.13145e-17 0.0104908 1.18187e-15 4.81842e-08 3.52844e-07 7.61918e-22 4.07163e-22 
1.23158e-25 6.69241e-15 2.18491e-05 4.71456e-07 4.22149e-08 3.02022e-25 2.20875e-12 3.60499e-28 2.21874e-13 4.7033e-06 3.47528e-22 0.00142904 2.87895e-11 2.18908e-08 1.61605e-12 9.77139e-13 1.18729e-08 5.74598e-21 2.50664e-09 3.74167e-06 0.00526375 0.00160744 5.92541e-07 0.0013055 0.00222547 8.5715e-05 1.36663e-25 5.47131e-19 0.00626583 1.9616e-08 2.17177e-27 2.30545e-15 1.5106e-28 1.40308e-27 7.99734e-10 1.36419e-41 
