0 0 0 
0 0 0 0 0 
0 0 0 0 0 0 
0 0 0 0 0 0 0 
0 0 0 0 0 0 0 0 0 0 
0 0 0 0 0 0 0 0 0 0 0 
0 0 0 0 0 0 0 0 0 0 0 0 
0 0 0 0 0 0 0 0 0 0 0 0 0 
0 0 0 0 0 0 0 0 0 0 0 0 0 0 
0 0 0 0 0 0 0 0 0 0 0 0 0 0 0 0 
0 0 0 0 0 0 0 0 0 0 0 0 0 0 0 1.63958e-229 0 
0 0 0 0 0 0 0 0 0 0 0 0 0 0 0 9.49165e-228 0 0 
0 0 0 0 0 0 0 0 0 0 0 0 0 0 0 0 0 0 0 0 0 
0 0 0 0 0 0 0 0 0 0 0 0 0 0 0 0 0 0 0 0 0 0 
0 0 0 0 0 0 0 0 0 0 0 0 0 0 0 0 8.82217e-170 2.31541e-42 0 0 0 0 0 0 
0 0 0 0 0 0 0 0 0 0 0 0 0 0 0 0 1.97002e-175 0 0 0 0 0 1.10098e-57 0 0 
0 0 0 0 0 0 0 0 0 0 0 0 1.96046e-145 0 0 0 3.98115e-170 0 0 0 0 0 7.68089e-57 0 0 4.27391e-17 
0 1.22236e-273 0 0 0 0 0 0 0 0 0 0 3.23258e-147 0 0 0 5.51248e-172 0 0 0 0 0 1.24783e-57 2.29351e-29 0 1.03717e-17 7.28611e-306 
0 8.90323e-274 0 0 0 0 0 0 0 0 0 0 2.37137e-92 0 0 6.47634e-42 7.85956e-110 0 0 0 0 0 0 0 1.55418e-176 1.81647e-34 8.73165e-158 3.9789e-08 
0 2.36761e-276 1.79322e-55 0 0 0 0 0 0 0 0 0 7.28074e-99 0 0 1.67194e-42 9.40446e-199 0 0 0 0 0 1.53202e-48 2.46603e-29 1.21675e-176 8.10037e-12 0 4.13586e-08 8.40805e-11 
0 1.23059e-282 4.47091e-60 0 6.10875e-41 0 0 0 0 0 0 0 7.3966e-99 0 0 2.37865e-41 2.05587e-109 0 0 0 0 0 0 5.58936e-30 0 1.07275e-21 0 0.0630556 1.07361e-10 1.26809e-142 
0 1.60782e-71 9.35153e-15 0 0 0 0 0 0 0 2.95103e-92 0 0 6.29e-119 0 0 0 0 0 3.11926e-89 3.99792e-27 3.02565e-14 1.51159e-193 0.000259213 4.34522e-09 8.73384e-98 0.00580455 0 0.000777374 0 0 
0 7.26248e-117 3.72617e-17 0 0 0 0 0 0 0 3.88381e-221 0 0 1.01885e-144 0 0 0 0 0 5.79384e-57 4.16169e-34 1.10846e-22 0 0.00357854 2.54256e-12 5.64831e-91 0.0532029 2.35124e-07 4.74817e-286 0 0 
0 0 0 
0 0 0 0 0 0 
0 0 0 0 0 0 0 
0 0 0 0 0 0 0 0 
0 0 0 0 0 0 0 0 0 0 
0 0 0 0 0 0 0 0 0 0 0 0 
0 0 0 0 0 0 0 0 0 0 0 0 0 
0 0 0 0 0 0 0 0 0 0 0 0 0 0 0 0 
0 0 0 0 0 0 0 0 0 0 0 0 0 0 0 0 0 
0 0 0 0 0 0 0 0 0 0 0 0 0 0 0 0 0 0 
0 0 0 0 0 0 0 0 0 0 0 0 0 0 0 0 0 0 0 
0 0 0 0 0 0 0 0 0 0 0 0 0 0 0 0 0 0 0 0 0 0 
0 0 0 0 0 0 0 0 0 0 0 0 0 0 0 0 0 0 0 0 0 0 0 
0 0 0 0 0 0 0 0 0 0 0 0 0 0 0 0 0 0 0 0 0 0 0 0 0 
0 0 0 0 0 0 0 0 0 0 0 0 0 0 0 0 0 0 0 0 0 0 0 0 0 3.52578e-12 
0 0 0 0 0 0 0 0 0 7.19391e-28 0 0 0 0 0 1.62696e-11 0 0 0 0 0 0 0 0 0 0 0 
0 0 0 0 0 0 0 0 0 0 0 0 0 0 7.97655e-50 0 0 0 0 0 0 0 0 0 0 0 0 1.66356e-17 
0 0 0 0 0 0 0 0 0 1.96736e-27 0 0 0 0 1.13995e-47 2.77566e-15 0 0 0 0 0 0 3.26196e-13 0 0 0 0 5.59588e-17 0 
0 0 0 0 0 0 0 0 0 1.6707e-26 0 9.64888e-25 0 0 4.09084e-30 3.11844e-15 0 0 0 0 0 0 3.57176e-15 0 0 0 0 1.23895e-21 0 1.70891e-18 
0 0 0 0 0 0 0 0 0 1.62696e-27 0 1.62816e-23 0 0 0 0 0 0 0 0 0 0 0 0 0 0 0 1.23054e-12 0 6.10558e-29 0 0 
0 0 0 7.23075e-27 0 0 0 0 0 0 0 0 0 0 3.7292e-39 6.63029e-16 0 0 0 0 0 0 0 0 0 4.48234e-15 0 2.64247e-19 0 2.60497e-28 0 7.17849e-15 2.05045e-05 
4.23397e-48 0 0 2.78984e-10 0 9.7642e-30 0 0 0 3.55118e-31 0 1.04974e-33 0 0 3.77119e-28 0 0 0 0 6.96576e-16 0 0 2.08677e-09 0 0 1.36801e-10 0 1.24879e-09 0 1.86748e-17 0 0 2.97531e-10 0 1.03358e-18 1.99358e-11 
5.41415e-47 0 0 1.13394e-23 0 0 3.47194e-30 0 0 0 0 0 0 0 1.5254e-26 2.49273e-11 0 0 0 0 0 0 2.44291e-09 0 0 0 0 4.40107e-10 0 0 0 0 4.18577e-06 3.98463e-11 1.00323e-30 0 0 
6.73143e-49 0 0 1.20918e-10 0 0 7.29322e-30 0 0 0 0 0 1.41166e-24 0 1.85556e-47 0 2.63384e-31 0 0 1.16467e-15 0 0 9.13897e-10 0 0 4.74366e-11 0 0 0 2.15161e-17 0 0 1.09596e-10 3.7425e-11 1.36684e-19 1.05013e-11 0 0 
1.94419e-51 0 0 9.63134e-18 0 1.63584e-65 2.04029e-20 0 0 0 0 0 7.25647e-26 0 1.34837e-29 0 0 0 0 6.99457e-16 0 0 2.07007e-10 0 0 0 0 6.41302e-16 0 1.11667e-17 0 0 1.93717e-06 6.28849e-11 0 0 0 1.08529e-09 1.21776e-08 
1.1184e-46 0 0 2.26955e-11 0 2.64171e-18 1.45664e-20 0 0 1.82193e-28 0 0 0 2.38596e-16 7.5527e-32 0 0 0 0 1.43111e-12 0 0 3.52527e-09 0 0 2.20385e-12 0 1.14423e-07 0 0 0 0 1.74492e-06 0 1.18329e-21 2.12245e-15 0 0 4.91119e-08 2.55968e-23 2.61187e-08 
0 0 0 2.95653e-28 2.42204e-27 9.62981e-36 3.86173e-20 0 0 2.23321e-26 0 7.76374e-22 0 6.95604e-11 0 1.43759e-11 0 0 0 0 0 0 0 0 0 0 0 1.01959e-07 0 0 0 0 1.13587e-06 5.59707e-08 3.98594e-22 2.59105e-13 0 1.94161e-10 4.42118e-12 1.30403e-15 1.56887e-07 1.9363e-20 
0 0 0 3.02693e-26 0 1.94314e-22 1.10261e-12 0 0 0 0 1.40389e-11 0 2.85942e-10 0 2.6261e-11 0 0 0 0 0 0 0 0 0 0 0 2.9763e-07 0 1.04022e-31 0 0 1.97275e-11 0 1.29299e-21 6.47895e-13 0 3.65148e-11 1.00632e-11 1.37959e-15 4.24483e-11 7.09092e-20 7.73878e-09 
0 0 0 4.41026e-11 7.83264e-21 8.91477e-07 2.10288e-31 0 0 0 6.37027e-16 4.34039e-16 1.09892e-09 0.000633522 1.24374e-14 0 0 0 4.79614e-15 0 0 0 0 0 3.87024e-12 0 6.79446e-08 0 2.53357e-16 0 0 1.5013e-05 0 2.89162e-17 2.16065e-10 2.56169e-08 8.16559e-11 1.02182e-11 3.04188e-12 7.22215e-14 1.27333e-20 0.0104523 2.58041e-08 3.91104e-05 0.0028439 0 0.00780344 
0 0 2.97909e-15 1.66663e-09 2.31645e-11 0 0 0 3.80656e-10 0 7.16157e-15 0.00102975 0 0 0 0 0 0 0 0 0 0 0 2.26935e-06 0 3.05993e-27 0 0 2.07596e-10 3.47961e-10 2.87366e-18 9.28669e-11 0.00642632 1.02303e-13 8.46161e-08 3.11187e-13 0 8.94632e-22 6.14686e-08 0.0152782 0.000179542 0.405297 5.57303e-24 0 0 0 2.01755e-08 
0 0 2.5389e-22 9.5057e-14 3.47074e-15 0 0 0 2.02481e-07 0 0 1.6039e-06 0 0 0 0 0 0 0 0 0 0 0 2.39104e-09 0 7.0267e-17 0 0 2.06985e-16 1.52814e-13 4.65289e-28 0 1.68951e-06 5.76369e-11 1.36194e-11 2.02103e-23 4.64184e-12 1.73625e-13 0.0105505 1.59159e-06 0.0020774 0.000215115 0 5.60505e-29 0 0 0.0802085 
0 0 8.01192e-11 1.01129e-05 1.05413e-18 0 0 0 4.04607e-06 4.71041e-30 1.29078e-09 6.89432e-09 0 0 0 0 0 0 0 2.03937e-10 0 2.78451e-11 0 4.96653e-07 0 4.10108e-16 8.0984e-16 0 2.53206e-06 0 1.23062e-20 2.62992e-12 2.54871e-07 5.26815e-09 7.01491e-11 1.60946e-14 2.50836e-12 1.00702e-15 5.79935e-05 0.000700448 0.000865307 0.00408514 0 1.0625e-53 1.80643e-18 0 
0 0 1.39008e-10 2.07779e-13 1.64441e-17 0 0 0 4.08392e-05 0 5.84006e-08 1.37635e-18 1.34376e-15 0 0 0 0 0 0 6.00359e-12 0 7.84065e-11 0 9.49221e-07 0 1.30057e-13 0 0 3.14794e-07 1.01172e-14 5.29467e-27 4.43423e-16 1.4384e-05 4.65313e-08 7.44389e-11 6.92783e-20 7.10861e-11 1.95322e-19 0.0170375 5.31121e-06 0.000812862 0.0155837 0 1.8672e-60 1.03229e-19 0 
0 0 5.27969e-14 2.26507e-07 1.62827e-17 0 0 0 6.0111e-08 5.55478e-28 6.23652e-13 8.55177e-12 0 0 0 1.33038e-15 0 0 0 0 1.45852e-14 0 5.95292e-10 0 1.08851e-19 0 0 4.17228e-08 2.13051e-14 2.10752e-31 0 0.000227704 2.25758e-11 1.65463e-14 1.83528e-24 0 0 0.00120853 9.54332e-08 2.37569e-05 0.000702616 0 0.00208552 0 0 0 0.472315 
0 0 1.14499e-19 6.91258e-09 1.10788e-12 0 0 0 1.60438e-09 4.67433e-24 2.03081e-15 0 0 0 0 1.89542e-11 0 0 0 0 3.15963e-14 0 1.00031e-06 0 8.15237e-25 0 0 3.43671e-05 9.10685e-11 1.64128e-30 0 0.00200152 0 3.00688e-06 4.16316e-22 0 1.43301e-27 3.84762e-07 0.000650316 0.000935678 1.96138e-05 0 2.44209e-06 0 1.58847e-13 0 0.0583355 
0 0 4.21077e-23 8.13066e-06 2.78918e-13 0 0 0 3.71017e-13 0 0 0 0 0 0 0 0 0 0 0 0 0 4.7765e-07 0 0 0 0 3.68013e-12 0 2.48728e-13 5.20651e-08 0.000182571 4.50698e-09 5.8964e-10 2.40796e-09 0 1.35969e-15 2.57713e-06 0.0070599 0.00905041 9.44348e-09 0.0324294 0 0 0 1.10705e-16 
