0 4.68575e-176 0 
0 7.88665e-50 0 0 0 0 0 
0 7.69627e-48 0 0 1.50907e-295 0 9.77759e-73 2.17782e-65 0 
0 2.10808e-48 0 0 3.62899e-216 3.09234e-213 8.23852e-69 9.96702e-52 0 2.72663e-72 1.54281e-153 
0 1.197e-46 0 0 5.31386e-216 1.96698e-205 8.77519e-69 4.34306e-52 0 1.83967e-70 2.0301e-149 2.36006e-64 
0 1.91157e-57 0 0 3.70343e-271 0 3.5681e-73 1.12194e-64 0 5.14475e-88 1.34999e-186 5.27566e-62 3.21368e-39 2.46255e-43 
0 9.1517e-58 0 0 1.37012e-266 0 2.38657e-73 1.34209e-63 0 2.34617e-79 3.62595e-186 8.36669e-67 6.0356e-39 1.64574e-32 1.33741e-149 
0 8.51811e-57 0 0 1.27073e-266 0 1.56979e-73 1.30114e-64 0 1.14742e-79 1.73571e-186 7.75555e-66 3.15818e-39 1.72184e-32 2.85614e-149 3.78384e-34 
0 4.65543e-59 0 5.7634e-302 2.95809e-296 0 1.29287e-73 4.70047e-67 0 7.04855e-80 2.29907e-217 6.60479e-66 8.27603e-39 1.37263e-54 1.67289e-156 2.86705e-38 2.25531e-103 
0 1.25288e-53 0 0 8.52603e-245 2.11625e-239 2.96491e-72 2.35808e-59 0 6.0279e-78 2.45364e-169 8.52378e-66 1.17344e-38 2.51485e-29 2.82291e-136 1.21551e-31 7.05439e-216 5.29712e-48 4.86801e-231 
0 1.81678e-53 0 0 6.26543e-245 2.00148e-233 9.6856e-73 2.3447e-59 0 4.8138e-80 4.05067e-170 1.69583e-66 4.77287e-39 2.93238e-29 3.60452e-103 2.4124e-30 5.92037e-216 3.96897e-48 1.26576e-229 2.70197e-28 
0 2.29571e-52 0 2.26773e-144 5.00985e-244 4.02881e-232 2.99837e-70 1.1147e-59 0 1.56297e-70 1.20643e-171 4.80128e-66 3.4704e-36 1.02381e-29 3.72879e-101 7.16714e-32 1.74024e-217 6.52634e-48 3.75493e-232 6.79398e-15 1.95949e-27 
0 1.16415e-54 4.16385e-215 6.22237e-150 6.29507e-248 8.24349e-233 1.67384e-73 1.29449e-59 0 3.61849e-81 1.15418e-171 3.97664e-55 9.26415e-39 9.3655e-30 2.02142e-100 1.39962e-31 1.28006e-217 4.33236e-49 3.73517e-227 1.56964e-28 9.49902e-28 3.22723e-89 
0 1.32092e-54 6.4572e-51 2.26061e-143 1.72037e-248 2.65748e-236 1.73535e-78 7.18479e-59 0 3.30496e-81 1.69135e-171 1.7102e-54 2.39574e-39 8.61908e-30 8.87063e-104 7.52622e-32 3.17171e-126 3.50219e-48 3.32234e-126 2.68667e-28 1.3231e-13 1.79823e-89 1.75187e-20 
0 5.44223e-54 1.76191e-48 2.49011e-144 1.12256e-245 2.80748e-239 1.60746e-64 6.78889e-57 0 2.4166e-80 1.26862e-170 1.7987e-54 8.85832e-35 2.86265e-29 4.60304e-99 1.63883e-31 3.34429e-126 1.23714e-48 1.12907e-126 1.76027e-27 1.47539e-13 1.7448e-54 4.17289e-20 0.000269276 
0 0 0 
0 0 0 0 
0 0 1.74484e-49 0 0 
0 1.00933e-181 1.75387e-46 1.29215e-56 0 0 2.04227e+14 
3.6223e-47 4.18276e-114 1.05312e-51 6.27159e-64 0 0 0 0 
0 1.25557e-57 6.01417e-36 6.12448e-57 0 0 8.29996e-52 6.69656e-26 1.69925e-75 2.54499e-38 
0 1.49206e-86 4.74436e-36 1.39603e-72 0 0 0 5.06408e-29 1.12245e-61 0 1.04148e-35 
0 6.16386e-73 8.60071e-39 7.44461e-49 0 0 2.5607e-52 2.37731e-27 1.64334e-90 5.11736e-39 0 1.45449e-30 
0 1.06713e-70 9.69063e-38 2.26895e-73 0 0 5.44619e-46 1.01627e-26 1.88569e-56 0 9.98373e-32 4.94544e-30 4.15686e-10 
0 2.83456e-41 3.42072e-49 1.50934e-57 0 0 3.80748e-34 8.22009e-10 3.52889e-52 0 2.55234e-39 1.07194e-28 2.88204e-10 4.65285e-30 
0 5.56405e-37 5.70105e-47 9.6773e-38 0 5.60761e-32 7.30115e-33 3.95816e-13 2.22616e-49 3.97295e-32 1.98274e-35 3.75831e-28 8.20752e-15 2.20511e-17 1.06939e-48 
0 5.40687e-44 5.35178e-48 2.48467e-69 0 2.23676e-31 1.48558e-34 2.97607e-29 3.3267e-59 0 1.09309e-40 3.59419e-29 2.30237e-08 1.16883e-08 1.46791e-49 9.5234e-23 
0 1.13643e-43 4.56033e-59 3.92445e-75 0 0 2.0499e-27 4.17557e-27 1.4742e-60 0 1.22184e-40 3.39397e-30 2.72986e-08 9.47514e-10 1.02557e-50 9.73783e-24 2.38195e-38 
0 5.48622e-37 2.28215e-49 2.53629e-40 0 0 7.60468e-36 2.75577e-25 5.91775e-57 1.45516e-33 9.23868e-26 3.89401e-30 3.48974e-14 3.33167e-09 1.58685e-53 4.5646e-23 1.0033e-37 1.38226e-05 4.32002e-23 
0 1.44953e-35 6.01024e-68 1.56454e-31 0 0 1.4014e-24 1.6812e-24 5.5297e-61 1.22325e-35 1.28545e-23 2.06343e-31 3.24885e-33 2.54465e-09 4.10091e-54 4.18797e-23 4.71978e-38 4.22866e-05 1.6096e-22 1.28172e-06 
0 3.90673e-35 1.87768e-53 3.63844e-32 0 0 6.90315e-48 3.16011e-25 1.87654e-52 2.41464e-37 4.21715e-23 2.04725e-24 6.98192e-22 2.13924e-09 1.5803e-50 1.75067e-23 2.2361e-37 2.52151e-05 6.01887e-23 3.40739e-07 1.29296e-34 
0 1.64945e-33 1.04074e-21 1.09581e-30 0 0 1.71918e-26 1.56126e-23 1.33179e-52 7.85637e-35 9.67128e-23 3.73378e-23 7.6821e-18 2.05051e-09 9.10413e-54 2.37901e-23 1.93165e-37 8.01953e-05 7.04004e-23 2.05929e-06 6.19225e-33 1.02176e-05 
0 2.99996e-37 1.80174e-16 3.92512e-33 0 0 2.81556e-52 8.94908e-21 2.16848e-58 7.09071e-36 6.32066e-23 1.45261e-27 2.22166e-14 3.68713e-10 4.32587e-55 3.68257e-24 1.13352e-34 1.46055e-05 8.60633e-24 2.46932e-06 5.62336e-33 4.04037e-14 1.05998e-21 
0 1.81082e-35 5.72509e-20 4.35766e-32 0 0 5.31359e-35 2.08103e-12 3.34789e-56 3.90538e-30 1.17112e-20 1.37427e-30 7.2631e-19 2.92601e-12 2.59917e-55 7.56963e-24 5.37623e-38 2.22849e-05 1.61999e-23 9.45427e-08 6.56675e-37 1.17304e-08 4.06408e-21 3.59942e-10 1.59295e-13 
0 1.16354e-38 2.5367e-19 3.111e-34 0 0 5.09634e-40 1.9771e-19 6.43976e-60 6.49433e-37 1.97461e-19 0 9.99106e-12 3.23334e-11 5.67964e-56 3.31082e-24 1.48233e-38 1.02382e-05 1.49449e-24 6.35445e-07 9.34835e-38 4.02603e-10 9.20592e-22 1.28616e-10 1.59083e-14 9.06006e-18 
0 7.96999e-34 4.06286e-20 5.47082e-32 0 0 0 2.37612e-18 3.35397e-60 0 1.3983e-20 5.44962e-28 2.19144e-06 2.4079e-09 8.02973e-56 5.45484e-24 1.3137e-35 9.46971e-09 7.65549e-21 2.14362e-08 3.45275e-34 2.52548e-08 9.21308e-25 7.8957e-11 3.95411e-13 9.46107e-21 8.12605e-22 
5.39494e-19 1.73362e-28 4.8793e-20 1.04321e-29 0 6.30712e-29 2.29411e-48 1.09455e-12 1.01949e-54 0 9.20183e-21 7.11449e-28 1.35703e-06 3.02805e-13 3.36401e-58 2.42841e-24 4.22221e-34 3.14039e-08 6.69734e-20 6.46342e-08 1.49977e-40 1.57501e-08 5.90655e-24 2.79888e-10 7.03967e-15 8.15785e-20 1.80297e-23 2.57004e-15 
3.71589e-07 1.20994e-28 3.90548e-19 5.72366e-32 0 5.05425e-28 1.1256e-48 2.04676e-14 2.53959e-50 0 2.83539e-20 9.12329e-23 1.53154e-06 1.23274e-08 6.78653e-54 1.18495e-22 3.92408e-33 7.99645e-09 5.98457e-21 1.47442e-07 1.02099e-37 4.08665e-09 1.91305e-24 9.63903e-11 2.51303e-14 1.05327e-20 8.55743e-20 1.17004e-10 0.000336473 
1.82474e-05 1.76645e-29 1.54318e-19 3.07983e-32 0 2.59281e-27 7.54134e-40 1.06605e-14 4.06806e-52 9.72085e-43 2.31818e-20 2.13055e-27 2.53376e-06 5.20629e-05 1.92534e-54 3.48899e-23 3.16316e-34 5.69158e-09 3.03414e-21 3.18593e-08 3.35458e-28 1.59657e-08 1.30784e-21 1.48817e-10 1.38254e-14 9.19624e-19 4.14256e-14 2.46924e-09 0.000529472 9.49485e-07 
1.26663e-11 6.53859e-39 2.56152e-19 1.31597e-37 0 7.23049e-29 2.55814e-23 1.09556e-10 1.85735e-16 9.54153e-42 3.18653e-21 2.00739e-26 1.54721e-06 5.12795e-05 1.83735e-50 1.92912e-21 5.47492e-31 1.05139e-06 4.69725e-23 3.69194e-08 4.78725e-38 1.79099e-08 1.37044e-23 1.31962e-10 5.00395e-17 3.3615e-20 3.44565e-18 2.32897e-15 0.000133629 0.0109201 5.37704e-08 9.00095e-08 
1.3881e-11 5.34239e-34 1.54105e-20 3.29142e-30 0 5.67833e-30 7.94553e-20 9.3522e-14 1.66428e-14 3.40551e-33 3.98991e-12 8.74321e-26 3.48989e-06 9.41933e-05 2.28899e-48 1.31929e-21 7.75113e-31 6.66221e-07 1.73859e-20 1.75743e-07 4.26086e-17 1.61127e-08 4.97342e-23 3.15509e-08 3.4716e-18 1.18761e-13 7.69954e-17 2.91983e-14 0.000250309 8.05752e-06 1.13361e-07 0.000146254 8.17282e-08 
2.7356e-07 4.63438e-06 3.83568e-08 3.63127e-42 0 1.24515e-29 2.96007e-18 2.31116e-14 8.54596e-07 6.71686e-25 5.41251e-29 6.54045e-07 0.000467286 1.85639e-48 3.44435e-21 1.0294e-33 1.99717e-07 7.05036e-20 4.61587e-08 4.80697e-10 0.00991269 8.88606e-22 1.88737e-10 0.00108545 4.87303e-22 1.47449e-18 1.06484e-11 0.000424687 1.04074e-05 4.22798e-09 2.0795e-06 1.43675e-14 0.000102156 0.00342336 0.000263951 2.40332e-05 7.76028e-21 
2.45569e-07 4.11727e-32 4.4153e-29 2.46738e-11 0.032348 1.72284e-07 9.68345e-19 1.23312e-21 8.6708e-07 1.47286e-06 4.69669e-25 6.03102e-34 9.87034e-06 1.29913e-22 1.05689e-09 2.78102e-10 8.76166e-05 4.69502e-21 2.44589e-11 4.88935e-17 2.2263e-15 1.96178e-12 5.25325e-05 0.0033781 2.91412e-06 2.25859e-09 2.98286e-11 0.00065122 0.00126842 0.00615745 7.20984e-06 0.0137062 0.00123744 3.93295e-22 7.99461e-55 1.21507e-08 2.19545e-07 0.0490838 0 3.95245e-11 
1.0081e-07 6.75928e-38 7.31484e-29 3.58901e-15 0.0141377 2.50608e-08 2.00013e-18 2.62247e-26 7.68155e-07 0.00058924 7.3966e-20 2.36713e-32 2.7093e-07 7.79834e-20 1.29652e-08 3.47942e-10 0.000271157 2.13181e-24 4.33744e-11 6.15652e-21 4.41167e-18 1.8875e-12 0.000344031 0.000249796 0.000117498 1.63718e-08 3.04624e-05 0.000766081 0.00268978 0.00740746 0.00031645 0.0953865 0.0153518 8.0366e-46 1.14334e-11 2.20454e-05 0 2.46306e-08 0.0346261 9.65016e-07 0.415757 
5.57743e-09 2.31658e-41 2.68998e-28 1.09716e-13 8.40197e-05 1.56202e-07 3.25704e-18 1.26076e-29 1.98637e-06 4.60235e-06 1.48506e-25 1.7038e-36 3.38704e-07 3.61301e-26 1.3881e-08 3.17678e-11 0.000830021 6.52353e-28 4.73855e-11 1.19604e-20 5.82749e-19 1.93703e-13 0.000229434 0.00114173 2.07576e-05 2.89226e-14 9.55054e-11 0.000690573 0.00140216 0.0028899 9.78246e-05 0.126467 9.83565e-16 1.728e-53 1.49032e-06 0.000157631 0 6.22289e-10 0.0280219 4.71632e-08 
1.82499e-07 1.96857e-37 9.4216e-30 4.00107e-14 1.00451e-20 8.59812e-12 1.08467e-18 4.37449e-26 2.204e-06 0.00259694 2.08948e-19 2.38935e-29 9.51742e-08 2.53013e-21 2.98501e-08 1.20762e-11 0.000596775 5.2029e-21 3.81833e-10 1.25037e-20 5.01908e-16 6.2077e-12 9.11114e-05 0.000514636 1.54047e-05 5.11121e-08 0.00022656 0.00150205 1.85101e-05 0.00306754 3.20009e-05 2.05463e-16 2.75353e-49 1.44685e-11 0.00164923 8.3498e-11 6.1193e-10 0.00880662 1.45807e-07 
5.62737e-10 7.34395e-32 3.15709e-28 1.80823e-15 0.00182806 9.27416e-08 6.00789e-18 2.60385e-31 1.28853e-06 9.9077e-06 1.5499e-25 2.15229e-05 4.76912e-23 9.99604e-11 2.90165e-12 0.00154081 1.56917e-20 3.93859e-11 2.39948e-16 5.50736e-15 4.64346e-15 0.000119021 0.000302126 1.41349e-07 3.30342e-10 1.90102e-09 0.00428369 0.000113539 0.00475622 2.40761e-07 3.67241e-56 2.63235e-08 0.000373078 0 2.0036e-11 4.26663e-06 0.0147546 0.278387 5.79785e-39 0.0978819 4.40698e-06 
6.46637e-08 4.06464e-29 6.1078e-17 2.71579e-12 1.30728e-07 1.12038e-17 1.90267e-29 1.9797e-06 6.81582e-05 6.30973e-24 2.65257e-07 9.95952e-22 3.73661e-06 6.87398e-12 0.00133291 9.85323e-25 1.50964e-08 1.19747e-19 4.29581e-19 1.61084e-12 0.000123348 1.84875e-06 8.47995e-06 7.14402e-10 1.50621e-05 2.3758e-05 0.00917938 4.00978e-06 2.80879e-53 0.00029908 0 1.3995e-10 3.17169e-15 5.18123e-33 3.87743e-34 1.87165e-08 3.29418e-07 0.00909569 0.0122529 
1.66257e-10 6.92597e-29 9.57845e-13 3.90104e-05 1.84054e-07 6.14033e-19 8.14762e-30 2.28046e-06 0.0001659 8.92626e-23 6.00187e-07 2.97047e-22 1.17796e-08 2.7045e-10 0.000809799 7.41425e-25 1.98211e-11 1.49991e-20 4.23117e-19 6.56768e-14 0.000468113 0.00152804 7.87481e-08 1.47072e-09 5.2249e-09 0.00820057 3.82706e-07 6.07444e-06 4.16992e-14 6.57623e-11 0.001348 2.43774e-52 1.70431e-37 0.0012228 1.65689e-07 1.16892e-36 0.0069708 4.27962e-08 7.17679e-16 0.197513 
1.61815e-07 5.54962e-29 1.05874e-16 6.73197e-09 2.31631e-08 4.0694e-18 3.76176e-31 7.90966e-08 8.79179e-07 3.40312e-23 4.58442e-07 7.99357e-26 1.46388e-08 8.3787e-13 0.000456809 6.43354e-26 5.61497e-11 4.89425e-20 7.0668e-20 4.10326e-12 0.000193448 7.69302e-05 3.83438e-05 1.1853e-09 1.34232e-10 0.0152179 0.000185529 1.1966e-05 2.76781e-12 3.31639e-09 2.28638e-56 4.78633e-40 0.00140808 1.45646e-07 0.0220673 8.10094e-40 5.92416e-20 0.000652098 3.91364e-05 
