0 0 0 
0 0 0 0 
0 0 0 0 0 
0 0 0 0 0 0 
0 0 0 0 0 0 0 
0 0 0 0 0 0 0 0 
0 0 0 0 0 0 0 0 
0 0 0 
0 0 0 0 
0 0 0 0 0 
0 0 0 0 0 0 
0 0 0 0 0 0 1.01407e-11 
0 0 0 3.92873e-18 0 0 3.24705e-13 0 
0 0 0 5.66459e-19 0 0 1.25613e-13 0 0 
0 0 0 9.35316e-18 0 0 3.19501e-14 9.19302e-17 0 1.45523e-05 
0.00149183 0 0 1.16236e-18 0 0 3.61279e-28 9.83947e-18 0 1.75553e-05 0.102293 
0 0 0 4.0915e-17 0 0 2.56843e-28 6.445e-12 0 1.04066e-14 
0 0 2.22127e-14 0 0 3.62165e-25 3.55862e-09 0 2.96917e-08 2.34957e-05 0.00462349 
0 0 2.98185e-18 0 0 3.38486e-18 0 0 4.97179e-05 0 
0 0 0 0 0 1.06376e-10 8.20615e-29 0 1.72922e-07 0 
