0 0 0 
0 0 1.48517e-57 4.42225e-69 
0 0 1.50446e-151 5.85665e-69 1.07781e-37 
0 0 0 0 1.43896e-19 4.36724e-60 0 0 
0 0 2.42329e-120 1.94596e-61 5.42953e-34 6.69282e-53 0 1.72609e-211 2.33667e-46 8.71328e-268 
0 0 1.03676e-134 1.02714e-58 2.51427e-33 4.86913e-52 0 1.58249e-197 4.11117e-45 1.61908e-251 1.45033e-234 
0 0 6.05065e-150 4.98207e-44 4.7709e-44 0 0 0 1.19052e-55 0 9.61444e-271 7.01461e-40 1.57382e-75 
0 0 9.34609e-136 0 1.21695e-29 1.30572e-58 0 0 6.61726e-36 0 6.13668e-247 2.06581e-42 2.4826e-75 3.42358e-33 
0 0 1.63908e-122 3.34502e-38 4.00466e-29 7.47496e-56 0 0 2.40767e-35 1.0867e-259 1.23068e-219 1.05903e-32 1.13974e-60 5.68072e-32 1.52906e-158 
1.50759e-256 0 1.27093e-122 1.76993e-38 1.28735e-35 5.28809e-56 0 7.24847e-277 6.53155e-52 3.79604e-171 7.21759e-220 1.65125e-32 7.04844e-61 2.77694e-44 3.29599e-157 9.17103e-303 
8.0453e-157 0 6.70946e-121 2.32164e-31 4.89306e-29 2.53364e-55 0 0 6.53432e-35 2.05624e-172 3.60786e-217 1.5896e-32 1.15253e-60 3.96376e-33 1.98572e-155 1.2982e-306 6.23569e-16 
3.87056e-156 0 4.10659e-137 0 2.64108e-29 5.99921e-59 0 0 1.18076e-35 2.69852e-171 1.78644e-247 2.86984e-42 1.2529e-78 9.91803e-34 1.86268e-181 0 1.16225e-14 3.92322e-36 
7.77894e-163 0 5.77436e-136 0 1.16922e-29 9.32563e-58 0 0 5.65775e-36 1.02133e-173 1.17061e-247 7.03761e-42 9.12377e-75 3.06627e-33 1.27212e-180 0 3.63914e-15 3.81468e-36 2.20003e-47 
6.21588e-162 0 8.98602e-184 0 0 0 0 0 9.08634e-59 5.41155e-173 0 1.6885e-42 3.95656e-88 3.54053e-68 0 1.61228e-172 5.52638e-15 1.58738e-75 1.3291e-65 3.52533e-226 
6.48762e-159 0 1.76946e-145 8.11544e-36 1.12219e-36 1.08002e-53 0 5.85112e-139 1.4154e-56 2.27931e-172 3.1806e-245 4.32922e-38 4.51348e-62 5.39329e-53 2.12984e-185 2.0783e-173 5.94122e-15 7.67392e-50 2.5138e-39 8.87159e-178 3.34251e-136 
5.92383e-168 0 1.91255e-145 5.90149e-36 8.38156e-37 1.0145e-53 0 4.18153e-41 2.89322e-42 5.78373e-173 5.32203e-246 1.47387e-38 4.7284e-62 4.2472e-43 2.82059e-185 2.89278e-175 9.15162e-15 2.25406e-49 2.13578e-39 1.32936e-174 1.87476e-89 4.58708e-29 
9.13842e-161 0 4.74361e-145 3.15005e-36 7.59619e-42 1.07755e-62 0 8.30602e-39 3.14856e-42 1.378e-173 3.54689e-152 2.86248e-39 6.29642e-73 2.70187e-43 4.35229e-187 3.73328e-175 6.34187e-15 1.61296e-49 3.1998e-39 6.1059e-179 1.19157e-88 1.61699e-27 0.00044067 
1.55496e-168 0 4.38193e-143 3.53771e-37 2.41191e-37 3.49787e-53 3.25095e-116 8.47139e-80 7.40212e-55 4.70503e-170 2.04779e-146 3.55171e-38 8.65603e-73 1.16208e-53 4.41624e-187 1.81628e-170 3.30441e-26 2.23899e-50 2.43603e-39 1.15435e-175 6.75471e-139 2.60274e-29 882.995 1.33119e-45 
2.70789e-169 0 6.99266e-164 0 4.23117e-39 6.96726e-60 1.3448e-108 1.4381e-40 7.15602e-40 7.30041e-172 0 1.62347e-39 2.51878e-91 4.41741e-41 1.72961e-236 1.13576e-172 6.39344e-26 2.47048e-48 2.8949e-59 1.19008e-178 6.15901e-80 2.85658e-16 5.56807e-50 
4.67485e-265 0 3.90967e-148 1.5374e-37 2.81432e-37 1.80367e-61 5.62686e-200 3.91107e-67 3.1768e-44 3.58809e-172 6.02867e-269 2.0653e-41 7.87022e-64 5.85577e-45 7.03354e-211 5.80121e-16 1.1982e-40 4.88595e-43 2.56934e-179 1.46829e-84 3.91564e-15 3.62912e-117 3.80927e-171 
5.96002e-138 0 1.28293e-152 1.64597e-40 8.02594e-40 0 5.46038e-135 3.89605e-47 5.08332e-47 4.04915e-173 1.66765e-273 2.35093e-41 6.05774e-65 3.25242e-48 5.43815e-10 1.52442e-43 1.31644e-180 7.33899e-19 2.23361e-150 1.12849e-160 1.88266e-93 5.43388e-43 3.86917e-213 
1.33253e-160 3.36271e-138 6.38009e-39 1.11509e-57 6.17385e-165 2.61068e-52 9.79977e-47 0.0174596 1.29176e-283 1.77623e-09 3.29072e-67 2.97588e-50 1.13587e-13 2.78066e-54 8.78193e-19 1.2939e-118 5.73821e-120 8.17104e-95 4.43469e-55 2.47371e-212 8.20234e-239 0 2.90326e-14 3.77697e-07 2.19716e-14 
9.26254e-146 1.30806e-153 1.43766e-44 0 4.76278e-99 1.38256e-51 1.35958e-50 0 1.79782e-05 5.96541e-82 6.07512e-51 7.61575e-12 1.05041e-62 2.07951e-19 9.30963e-92 6.37302e-115 3.0411e-96 1.11944e-55 1.18424e-190 7.97191e-143 6.35606e-19 9.16412e-08 1.05111e-123 8.0642e-27 0.00085786 
6.83105e-151 1.62978e-140 1.91892e-38 1.91915e-54 1.79868e-127 3.18575e-93 4.40772e-53 2.71593e-259 0.000100215 1.22227e-70 3.08079e-50 1.2828e-24 5.88174e-38 9.50741e-19 5.37765e-89 3.10943e-153 1.18679e-96 9.28222e-48 1.29064e-180 6.63607e-174 0 2.37591e-07 3.42572e-163 5.87873e-14 
4.21851e-168 2.43952e-158 1.70533e-37 0 1.00202e-132 4.11787e-46 3.18204e-47 0 4.00041e-12 5.18038e-78 8.75334e-49 1.13707e-11 7.1573e-47 7.14448e-25 8.16504e-90 5.56757e-98 4.24771e-219 0 9.87872e-18 3.21508e-203 5.25864e-15 3.86378e-241 3.48005e-180 1.99671e-57 
6.31646e-234 2.20351e-168 0 0 7.39683e-52 1.24632e-52 0 1.41613e-05 6.52166e-83 2.47579e-54 1.03197e-21 2.09901e-46 2.90889e-26 1.92523e-88 4.15245e-110 0 7.42911e-09 7.25073e-166 2.68729e-18 5.65377e-154 7.71939e-173 1.25741e-58 2.4839e-199 1.1146e-89 
3.74115e-35 0 2.88859e-54 5.51665e-43 3.44713e-272 2.84219e-05 2.36377e-64 3.40937e-40 1.14102e-13 1.30596e-43 9.24758e-15 3.47815e-141 7.09349e-10 3.94149e-163 1.70051e-16 2.28183e-128 6.46163e-208 4.11634e-215 3.81301e-77 8.63515e-230 4.58955e-40 5.62851e-150 0 2.81553e-152 
1.67404e-42 0 2.04023e-56 4.4527e-47 0 1.00334e-07 4.09255e-80 6.00733e-51 2.70836e-16 1.84655e-54 3.68582e-18 2.1695e-54 7.20478e-12 5.74295e-15 4.89045e-84 1.34044e-202 2.83142e-239 0 2.67364e-150 9.66799e-162 8.12715e-158 2.58842e-50 1.46889e-255 4.23438e-94 
1.54667e-37 0 2.64481e-73 1.51484e-51 0 2.45438e-07 3.07936e-77 6.57843e-61 5.62923e-16 7.45892e-54 1.08447e-29 9.83222e-142 7.09972e-11 3.36772e-16 3.92659e-183 3.21405e-239 1.36344e-104 2.30935e-213 3.10662e-148 2.9977e-142 6.42309e-53 0 8.54069e-159 1.22275e-142 
0 0 0 
0 0 0 0 
0 0 0 0 0 
2.97871e-14 0 3.59302e-50 0 9.26791e-09 0 0 
3.26796e-11 0 1.21471e-37 0 5.13659e-08 0 0 2.20243e-27 2.5096e-41 
5.59023e-12 0 1.45783e-56 0 2.18834e-08 1.44232e-39 2.46934e-08 2.19481e-25 2.31652e-53 9.9113e-123 0 1.1918e-56 
2.2338e-43 2.86678e-56 1.52408e-27 0 0.000109449 3.94157e-40 1.88332e-14 6.64834e-31 2.17135e-62 4.9769e-44 0 3.9777e-23 0 1.77394e-21 1.09867e-36 
1.19132e-19 0 1.10211e-24 0 4.92478e-05 1.56354e-32 4.22091e-12 1.37792e-26 1.12886e-49 1.40258e-100 1.27514e-42 1.78655e-25 0 1.56129e-19 3.46141e-42 5.86781e-49 3.15784e-24 
2.46132e-20 0 2.91575e-22 0 9.53904e-06 9.11124e-38 3.71046e-17 5.46411e-30 1.4333e-71 7.97568e-50 1.91306e-38 1.01638e-32 0 2.05507e-23 1.79726e-54 2.44101e-50 1.77321e-23 5.10504e-34 
2.72767e-21 0 9.87948e-22 0 0.000105903 0 1.4345e-49 5.30019e-32 1.94034e-57 1.38025e-46 0 1.60612e-27 3.90749e-24 9.14135e-35 1.12419e-48 6.73387e-49 2.72365e-24 1.85925e-46 1.95639e-25 
2.81792e-14 1.9365e-73 9.91006e-22 0 1.1162e-08 1.97459e-42 1.63634e-35 5.36448e-32 2.44694e-57 2.12001e-57 9.38936e-44 1.48667e-47 1.77291e-23 5.61758e-48 3.48127e-45 1.31374e-50 3.0322e-23 1.24571e-51 2.33505e-24 8.6309e-15 
1.43714e-17 1.86663e-74 1.64179e-15 0 0.000593014 4.80447e-36 1.41229e-29 3.73368e-31 1.89399e-53 6.49538e-45 1.12637e-31 5.72798e-23 3.6979e-23 1.26754e-34 1.54449e-39 1.31732e-45 2.77085e-19 9.46618e-42 6.00466e-22 2.41323e-21 1.86082e-08 
5.26408e-19 4.31576e-68 3.48539e-16 1.80037e-10 0.00074705 4.22305e-35 1.6398e-28 4.42529e-25 8.83829e-53 1.03714e-42 3.33638e-31 8.96051e-22 1.64348e-23 5.76559e-33 1.86871e-37 2.86309e-44 3.44748e-19 4.00056e-41 1.93877e-21 1.8842e-18 3.38269e-08 1.05547e-23 
4.89222e-21 9.23452e-68 2.06513e-16 3.65896e-10 0.000755171 2.60449e-32 1.58189e-29 1.94875e-24 1.10609e-52 6.38596e-29 5.55265e-32 4.95363e-19 7.03638e-24 5.29706e-34 3.14758e-35 1.2786e-45 1.13892e-19 7.31812e-42 9.48892e-22 3.3197e-18 7.46171e-08 2.40123e-23 1.95685e-13 
9.16595e-14 1.11859e-67 1.42977e-15 2.34233e-16 3.07083e-08 4.61631e-42 2.65426e-29 4.2458e-20 8.52956e-57 8.9907e-40 8.90215e-31 3.31677e-46 4.1383e-24 2.27271e-34 7.22508e-36 4.6616e-42 1.32778e-19 2.78504e-28 7.5157e-22 5.66578e-21 6.79447e-12 4.55284e-23 1.59443e-13 4.2935e-23 2.93012e-10 
3.11469e-12 2.6122e-68 2.14441e-15 0 1.37141e-08 1.71022e-32 1.68914e-29 2.64626e-19 4.5483e-57 5.16258e-35 1.63819e-31 4.48187e-46 4.37118e-24 3.17501e-34 8.81462e-36 4.38582e-43 1.29899e-19 2.98755e-28 5.98678e-22 5.42086e-26 1.15704e-11 5.07205e-24 1.72836e-13 1.65197e-22 6.47888e-09 4.35476e-11 
2.07552e-12 0 1.45806e-15 0 6.41208e-09 8.20839e-42 8.62273e-30 3.25352e-19 4.02854e-56 2.51035e-40 4.10623e-32 3.17267e-47 7.04194e-24 2.42135e-34 6.62864e-34 3.8454e-38 1.84723e-19 5.28669e-26 1.22972e-21 8.56927e-21 7.88321e-12 7.73027e-21 9.64238e-14 7.86773e-22 5.13347e-07 7.30664e-11 2.51308e-14 
8.15614e-15 9.3769e-47 9.30448e-16 5.27247e-11 1.00121e-08 5.15756e-42 1.14148e-30 2.84203e-20 1.35414e-58 3.86666e-43 6.0612e-31 5.55634e-39 2.22641e-24 1.05948e-31 5.4765e-36 7.66066e-42 3.51298e-20 4.33787e-25 2.74724e-22 3.39321e-28 1.38434e-12 1.4858e-20 3.04352e-06 1.0398e-23 3.36385e-07 1.38839e-08 8.35316e-15 2.11416e-17 
8.73598e-14 1.50185e-50 1.92152e-21 3.80212e-11 4.61267e-08 8.71234e-42 1.65374e-45 1.94919e-19 1.7508e-58 5.00677e-41 0 3.09118e-41 7.65648e-24 1.3888e-46 5.02399e-36 2.88999e-43 8.02065e-25 3.04544e-24 3.36599e-24 1.74443e-13 2.08502e-12 6.56916e-24 1.10564e-13 2.03277e-22 3.07926e-09 6.67761e-11 1.80113e-14 4.40249e-18 9.65354e-20 
7.78587e-15 1.85879e-50 1.60268e-21 0 8.5991e-09 4.28805e-40 1.66437e-44 3.44812e-19 1.01852e-58 5.47241e-42 2.93864e-34 2.91559e-54 2.7106e-24 8.97171e-45 1.46636e-36 9.84822e-46 2.05666e-25 1.18397e-25 1.54804e-24 7.19863e-09 1.22117e-12 3.46481e-24 1.02713e-13 1.35429e-22 6.2711e-08 4.38327e-11 3.63074e-14 8.75136e-19 9.09715e-20 2.80828e-08 
5.26185e-14 9.95332e-49 1.61651e-21 0 2.7333e-08 1.7029e-42 1.49439e-44 1.37909e-19 1.62e-57 3.77379e-40 1.07963e-33 3.05313e-15 0 9.10069e-46 5.66202e-36 1.41945e-45 2.0894e-24 2.62419e-25 1.12743e-23 1.5193e-08 2.79927e-12 1.08029e-23 8.87474e-14 1.03124e-22 1.1541e-07 8.8499e-11 1.7109e-14 1.23794e-32 7.87451e-18 2.25429e-09 5.26367e-22 
4.92544e-13 2.04116e-29 4.8074e-21 0 6.88491e-08 8.5298e-42 7.29123e-38 7.46644e-19 9.01377e-59 2.44582e-44 9.94825e-32 0.000234194 1.72795e-25 1.68244e-42 1.77442e-35 9.42835e-42 5.32699e-25 8.01754e-13 5.284e-24 6.00977e-08 2.92861e-12 1.32186e-23 1.97487e-06 1.3632e-22 9.45738e-08 9.80481e-09 1.97792e-14 6.42885e-21 2.67752e-19 1.10753e-08 6.49394e-24 2.81999e-09 
2.46977e-11 1.66927e-36 2.39132e-20 4.31482e-11 9.84605e-09 3.13906e-42 2.20919e-41 2.66913e-19 4.72015e-54 6.27205e-44 2.16269e-06 0.000382992 1.52837e-25 2.53496e-44 3.67926e-36 1.38547e-40 1.801e-25 3.07539e-12 1.22287e-23 2.22809e-08 5.76314e-12 4.47005e-24 1.34432e-06 2.19561e-22 1.2819e-07 6.88654e-09 5.84392e-15 1.32662e-19 2.1221e-19 5.01608e-09 1.26534e-25 4.85709e-10 0.0191138 
4.43619e-17 1.8063e-46 9.21887e-15 0 1.26893e-05 1.06386e-41 1.22128e-28 2.37324e-13 1.62138e-10 1.28459e-43 2.52388e-12 0.000208545 4.12957e-25 3.37866e-32 6.29735e-36 6.61949e-31 3.78079e-22 4.25107e-11 1.9756e-20 1.69249e-06 4.21529e-10 3.50909e-24 3.62111e-07 4.90426e-15 2.49319e-07 4.25142e-09 6.47848e-14 1.66575e-18 1.01275e-19 5.3801e-08 5.41689e-27 9.5147e-09 0.00417314 8.36329e-10 
3.82249e-16 7.40987e-37 5.87693e-17 5.53858e-10 2.56458e-05 2.32559e-35 7.9215e-33 5.07592e-16 7.28033e-20 1.93493e-21 3.22469e-12 2.76389e-08 1.36835e-25 9.79662e-09 3.2565e-33 4.65963e-36 2.25413e-21 8.82379e-12 2.13243e-22 4.32686e-06 2.90437e-10 3.24434e-23 0.00695769 2.85341e-18 1.62256e-09 4.32697e-08 1.61872e-14 1.55809e-19 2.93635e-16 9.00163e-06 6.26524e-24 2.01696e-09 0.000110479 1.67919e-09 0.000179618 4.93179e-06 
3.97541e-16 1.54638e-26 5.00163e-16 3.73143e-10 4.44448e-06 4.9548e-40 1.05651e-30 3.86174e-16 3.51407e-21 1.73049e-44 1.55524e-11 4.22199e-08 6.62897e-26 5.30765e-06 5.67828e-36 1.78631e-11 1.31169e-20 1.1759e-12 3.36993e-22 2.21609e-05 1.03021e-10 2.29968e-23 3.62827e-05 2.64538e-19 6.58526e-06 1.00805e-07 2.51318e-15 3.36299e-22 4.24482e-15 4.18019e-05 1.06168e-23 2.80295e-10 0.000176462 3.28831e-10 0.000120704 5.29421e-06 0.000200087 
1.05702e-14 2.01863e-27 3.07994e-17 0 2.45588e-06 1.50558e-38 7.20453e-33 6.95461e-17 1.60365e-09 4.72563e-24 9.69091e-11 0.000553487 1.59986e-25 5.12431e-07 1.2577e-35 1.53498e-08 1.15825e-21 1.24586e-12 2.524e-23 9.80936e-09 6.51957e-11 5.71604e-24 0.00236323 4.08043e-18 1.44201e-06 2.08921e-08 2.19437e-14 2.17934e-21 4.08472e-16 1.58787e-05 5.01282e-16 1.00535e-09 0.000396401 4.5762e-11 0.000107613 4.82906e-06 0.000517986 0.00140618 
1.54598e-16 3.25626e-26 8.53581e-19 0 4.07102e-06 6.71023e-34 5.87334e-39 7.42872e-18 9.16652e-11 3.38936e-23 4.49397e-12 0.000873008 1.17612e-17 7.01527e-06 7.01338e-35 1.13144e-07 5.06349e-25 7.31543e-13 2.59991e-23 1.02698e-05 1.08506e-10 6.60553e-24 0.00435968 6.23238e-18 5.41103e-06 2.06898e-08 2.62066e-14 4.63789e-09 2.45315e-19 6.74374e-09 2.15721e-15 2.94756e-09 5.93806e-05 3.28378e-09 7.53751e-05 1.36816e-06 0.0246984 0.00268373 0.0263201 
8.35024e-17 1.20395e-24 7.20894e-21 5.40814e-12 4.30105e-06 1.14625e-07 2.22724e-35 4.7822e-19 1.04379e-21 4.7563e-31 5.35129e-12 0.00481054 6.1317e-27 0.000164185 3.04493e-08 1.7259e-10 9.02011e-20 1.35868e-08 2.07995e-09 1.06632e-20 0.000353873 3.51084e-19 5.75434e-09 1.23861e-07 3.44435e-13 6.05702e-08 2.88232e-20 3.45721e-09 3.39714e-12 1.83179e-08 0.00135476 6.18796e-08 0.00106592 1.38163e-06 0.0513655 0.00462442 0.0144208 0.0291422 6.02477e-32 2.06343e-22 
9.54619e-18 2.35046e-27 1.07149e-18 4.82655e-12 1.84301e-05 2.79101e-08 4.95446e-34 4.08019e-17 1.86619e-13 1.52304e-25 7.82852e-08 2.63798e-05 1.10705e-26 5.91089e-05 6.79012e-10 1.17055e-15 2.83661e-21 8.9315e-06 8.54611e-10 3.52733e-21 0.00181736 3.03123e-19 6.12043e-09 1.23532e-07 1.24873e-13 2.08509e-08 3.85056e-20 4.7659e-09 0.0338136 1.47466e-09 0.000456181 4.00521e-07 0.00012083 2.75319e-06 0.0203324 0.00260123 2.72398e-05 0.0155717 2.76557e-32 2.49111e-25 0.00478784 
