0 1.11976e-63 0 
0 3.87612e-64 0 0 
0 8.19997e-65 0 0 1.16729e-71 
0 0 0 0 0 0 0 0 0 0 
0 0 0 2.41707e-103 6.07799e-73 6.5483e-45 0 1.85513e-108 0 0 2.89063e-218 
0 0 0 6.67797e-229 1.0184e-74 0 0 2.78827e-120 0 6.07999e-85 0 3.39767e-39 
0 0 0 7.60007e-228 1.86807e-72 1.27252e-62 0 2.68431e-106 0 9.86123e-84 0 9.86251e-39 0 
0 0 0 1.96569e-227 1.72718e-73 2.64062e-62 0 9.3361e-104 0 3.96932e-84 0 1.45147e-38 0 2.51153e-45 
0 0 0 1.66823e-227 1.74697e-73 0 0 5.97491e-98 0 5.28613e-84 0 1.75444e-38 0 2.30835e-45 2.48897e-72 
0 0 0 3.91746e-229 2.18377e-72 1.28174e-62 0 1.85879e-98 0 4.06651e-84 0 6.23483e-39 0 5.72269e-45 9.75184e-74 5.20884e-63 
0 0 0 3.81195e-227 0 2.71091e-46 0 1.14634e-97 0 1.18621e-87 0 6.7901e-38 8.75193e-35 4.29302e-36 1.519e-76 3.62069e-43 2.97916e-45 
0 0 0 3.23523e-182 0 2.07594e-46 0 2.14378e-99 0 1.5552e-88 0 2.97369e-36 1.31665e-35 1.20985e-36 1.45823e-78 3.05401e-43 3.59749e-45 4.2357e-74 
0 0 0 3.52332e-183 5.09286e-73 1.30066e-53 0 1.80245e-99 0 2.14504e-84 0 1.94678e-37 1.04506e-42 6.54789e-45 6.7234e-74 1.22807e-63 8.03644e-60 8.92737e-77 8.3796e-151 
0 0 0 2.16242e-118 5.56702e-74 5.5469e-46 0 3.56681e-93 0 1.73889e-83 6.74287e-120 1.08258e-22 3.79226e-31 3.60785e-38 5.36975e-70 1.09738e-62 1.54601e-58 1.47569e-85 1.52949e-258 1.12101e-160 
0 0 0 6.8316e-117 3.33971e-74 9.97203e-46 0 1.76258e-91 2.04352e-193 7.17303e-83 1.95203e-121 6.38284e-23 1.49341e-29 3.88358e-38 1.15044e-65 8.95376e-62 1.48981e-58 1.44127e-84 3.28328e-259 4.39963e-160 1.1506e-185 
0 0 1.87762e-160 1.42263e-111 6.80176e-74 5.66071e-42 0 3.44567e-91 3.30304e-229 7.58535e-80 2.51883e-141 2.77396e-22 5.2728e-28 2.55811e-35 5.77529e-61 1.2351e-41 1.93178e-44 7.32916e-75 3.44081e-179 3.17426e-82 1.32125e-175 3.16737e-32 
0 0 6.48891e-167 9.42424e-114 0 3.21842e-44 0 3.90374e-91 6.75487e-229 5.4613e-83 2.30575e-101 2.15268e-21 4.51771e-29 7.67617e-36 4.69167e-69 1.87455e-42 1.73131e-45 1.54834e-85 1.86253e-177 1.77994e-90 1.65804e-173 1.43513e-32 9.87249e-14 
0 7.44669e-272 1.15744e-47 8.41657e-148 7.29057e-69 3.13548e-43 2.04946e-136 2.11531e-74 6.56723e-254 1.12662e-85 6.01881e-58 1.23065e-29 1.62015e-23 6.16837e-37 8.82015e-161 5.79591e-48 6.61661e-86 1.5987e-178 2.59298e-104 4.54149e-177 9.33263e-34 3.84453e-17 0.0166649 1.04564e-77 6.13045e-53 
0 0 1.51521e-55 4.9769e-145 0 4.32038e-42 3.0131e-138 5.40854e-99 6.36093e-258 1.38669e-88 6.22612e-53 1.19708e-29 4.00281e-33 5.3525e-42 5.91484e-127 3.53515e-47 7.77332e-85 8.76645e-176 1.83887e-103 3.57869e-173 8.57678e-33 4.35995e-18 0.0075929 2.09217e-77 5.57986e-52 2.61907e-32 
0 6.7482e-302 2.56767e-229 4.701e-77 1.26739e-45 6.14742e-138 6.30466e-84 3.61689e-156 4.8635e-89 1.07383e-54 1.05952e-37 9.99224e-28 6.31426e-40 2.74419e-126 1.54828e-50 1.25654e-175 3.16191e-108 7.74531e-175 1.24166e-21 7.77404e-19 1.43323e-78 2.69882e-18 1.55859e-138 5.48075e-85 1.01375e-53 
0 3.79903e-306 1.11845e-229 3.81557e-75 9.62886e-52 2.78668e-140 3.21257e-70 1.16113e-192 9.28845e-87 3.84449e-68 1.99559e-38 2.93088e-28 1.21102e-33 3.43589e-110 6.33452e-51 3.28556e-226 4.22978e-106 1.59431e-227 1.51943e-24 4.19693e-17 1.43042e-78 2.98597e-18 4.48368e-143 3.24614e-85 5.8586e-53 
0 0 0 
0 0 0 0 
0 0 0 0 0 0 
1.93653e-17 1.74391e-41 0 0 0 0 0 
4.22917e-79 0 4.81432e-30 0 0 1.81688e-39 1.70515e-27 0 5.16677e-31 0 
3.59244e-73 0 7.34587e-30 0 0 3.52874e-39 3.24597e-27 0 1.38165e-31 0 0 
2.12697e-64 0 4.40263e-30 0 0 0 2.13743e-27 0 5.3328e-31 0 2.28798e-61 0 
2.3366e-62 0 0 0 0 3.81539e-39 1.5241e-27 2.20484e-55 9.27069e-31 0 9.2605e-62 0 5.21667e-15 
2.36981e-47 5.08206e-33 0 0 6.71973e-87 7.18197e-33 1.4222e-27 3.49481e-47 1.24948e-24 5.25202e-23 1.10092e-69 9.71205e-30 1.52187e-12 2.25623e-37 
9.82979e-45 0 1.08934e-31 0 0 5.7508e-32 0 5.08205e-51 4.25554e-24 0 7.18806e-55 2.03115e-30 1.20688e-25 1.48771e-36 2.932e-27 4.17765e-30 
3.66971e-55 0 8.35282e-32 0 1.66494e-43 3.60469e-28 0 5.94166e-46 1.08661e-25 5.9867e-26 2.56627e-59 1.41308e-26 7.34974e-12 1.46785e-40 9.40685e-15 3.52902e-23 5.79606e-26 2.63241e-25 
7.62836e-40 0 3.02042e-32 0 9.88458e-40 1.81729e-28 0 2.55151e-45 9.06768e-26 1.69822e-24 3.98216e-55 3.56104e-26 1.18107e-11 1.25501e-36 2.33463e-14 1.62115e-20 5.8307e-44 5.11012e-25 1.19442e-19 
2.99512e-48 1.37069e-21 1.63419e-32 0 2.42093e-38 3.85182e-36 0 2.37559e-53 2.26373e-27 1.07938e-24 1.21031e-59 1.8612e-23 4.41164e-10 2.13985e-43 6.87542e-14 2.88777e-21 1.73604e-37 6.51525e-25 4.22362e-20 4.68268e-11 3.8202e-11 
8.2392e-46 1.54747e-22 1.33295e-31 0 5.67378e-39 3.14798e-28 0 7.32352e-46 1.90138e-25 7.64623e-25 3.97311e-56 1.03974e-22 1.6707e-10 4.21118e-45 1.65687e-14 1.4286e-22 8.75132e-27 2.64353e-25 5.35845e-20 1.21813e-11 4.49821e-09 6.62867e-10 
1.0499e-52 4.49548e-21 9.13689e-33 0 2.21633e-37 4.31106e-37 0 5.60164e-53 1.21012e-27 1.63903e-24 1.44243e-55 1.84805e-23 2.91988e-10 6.71907e-44 4.06829e-14 7.48813e-23 2.46652e-35 1.74511e-25 2.50244e-20 8.84514e-08 1.47154e-11 3.33019e-10 2.99048e-09 
3.83886e-44 1.05245e-13 6.13777e-37 0 0 7.35878e-39 0 4.29978e-48 5.35524e-31 3.28634e-27 2.22621e-47 0 1.17877e-12 9.3748e-46 2.16799e-28 3.71701e-16 1.44617e-60 8.6222e-29 8.67425e-23 2.88099e-06 1.77071e-08 1.07528e-10 9.62304e-10 1.42133e-16 2.31169e-29 
5.8618e-33 4.69887e-15 2.40551e-37 1.5471e-12 2.88021e-36 1.36866e-36 0 9.7123e-55 1.09847e-27 8.5433e-25 7.5982e-56 8.83594e-22 4.72939e-10 2.26213e-34 5.23583e-14 6.86844e-17 1.15417e-37 9.93636e-26 1.06806e-14 1.97006e-06 1.39007e-08 1.46451e-10 8.73777e-10 1.14535e-11 1.2078e-18 3.60973e-18 
5.75776e-30 1.90256e-14 4.20659e-10 1.16117e-12 6.06858e-39 5.40404e-37 7.89745e-31 3.47981e-51 1.07406e-28 1.00109e-25 3.02561e-50 4.45603e-21 8.25004e-11 1.43079e-36 8.84832e-15 3.36747e-16 1.64819e-39 1.46971e-26 1.60232e-14 8.61821e-11 1.22155e-09 2.48881e-10 1.08653e-09 1.37971e-10 6.87416e-20 3.25122e-19 1.70884e-08 
1.86442e-32 9.78779e-14 4.87261e-11 0 1.53486e-35 4.26591e-37 0 3.8911e-51 1.2552e-27 2.5588e-24 2.76385e-50 3.2839e-21 4.02331e-10 1.92534e-36 5.6879e-14 8.59726e-16 1.49847e-26 4.53957e-09 5.15816e-14 7.56906e-07 7.78358e-09 1.65876e-10 7.1281e-10 1.79154e-10 1.44566e-18 6.98726e-18 1.01487e-08 1.19394e-23 
1.623e-32 2.54652e-24 4.84488e-19 0 2.06544e-40 1.61326e-35 3.61827e-28 8.94634e-55 2.85829e-20 2.51571e-23 3.8712e-52 4.51049e-22 6.83782e-11 6.24164e-36 6.31758e-16 7.36421e-18 9.71982e-22 4.41898e-09 1.85154e-13 1.02887e-06 4.59685e-09 2.26512e-10 1.07466e-09 2.46638e-11 2.73376e-22 1.28867e-14 1.0123e-05 5.94958e-24 1.9385e-14 
3.92777e-35 6.97394e-24 1.01585e-18 0 4.6273e-34 3.42735e-37 3.79933e-28 2.29924e-54 4.76419e-29 1.12651e-22 5.5078e-18 2.07629e-22 2.65034e-12 1.83056e-39 6.31211e-17 6.66731e-19 7.43793e-23 0.059763 3.52504e-14 7.56399e-07 4.42608e-09 2.15152e-09 1.09135e-09 1.39618e-17 4.28774e-24 5.96788e-20 9.78707e-06 0.014624 6.08327e-14 7.6713e-13 
5.54634e-44 9.67781e-16 5.94505e-11 0 5.09903e-34 1.80054e-06 1.07894e-27 5.87013e-49 3.79986e-28 1.32792e-25 1.35858e-07 2.98569e-24 6.82023e-13 1.25941e-46 3.96607e-19 1.61118e-18 1.74421e-20 1.81425e-08 1.81631e-14 2.9189e-11 4.3037e-10 2.10273e-10 5.48256e-10 2.78494e-12 2.13452e-23 2.14854e-20 1.42068e-05 6.92844 6.05261e-16 8.56498e-13 0.00235918 
1.96218e-40 3.73246e-24 2.13897e-17 7.71569e-11 2.15354e-34 3.68739e-06 6.40837e-28 1.79503e-47 1.05091e-22 2.58582e-25 8.90327e-09 1.83099e-23 1.90785e-10 9.03217e-40 4.00213e-19 1.54696e-24 4.32151e-20 3.00034e-47 1.4606e-14 1.87771e-11 6.44974e-10 3.29516e-10 1.22915e-09 6.26719e-12 1.27574e-22 1.92346e-16 1.15086e-05 6.68333e-16 4.84498e-08 0.00814114 
3.89483e-41 4.88603e-13 4.93333e-17 1.57347e-11 7.066e-32 1.0986e-11 2.97625e-28 1.52999e-49 2.81824e-27 1.29754e-25 2.519e-16 6.80334e-24 1.14166e-10 4.41919e-42 3.86669e-15 2.01386e-15 3.09036e-21 1.97826e-48 6.07557e-15 1.86349e-11 4.44753e-09 2.86553e-10 2.09792e-09 2.7559e-07 7.41199e-20 6.71093e-19 1.45534e-05 3.72041e-14 2.49963e-08 3.03369e-05 1.44834e-09 
2.44645e-42 1.70691e-20 2.13851e-18 1.89379e-11 6.40123e-36 3.08348e-06 7.06942e-24 6.36225e-46 2.8381e-20 2.36635e-23 4.84791e-17 4.06859e-24 4.26229e-10 3.95329e-37 1.21096e-14 2.59641e-22 1.46098e-21 7.53006e-23 9.30141e-05 1.67616e-07 1.12047e-09 7.52368e-10 1.91998e-09 1.08069e-05 2.69751e-19 5.28421e-14 6.27602e-05 2.30066e-14 1.02803e-08 5.93984e-06 2.05114e-09 6.19207e-05 4.40715e-07 
6.36049e-43 2.70864e-21 3.71375e-16 7.91599e-11 5.48129e-12 1.59238e-07 6.24706e-25 1.61672e-48 2.70718e-21 2.37109e-24 6.13959e-10 2.39148e-24 3.57122e-11 6.96533e-39 1.26355e-18 1.00162e-23 2.88741e-21 6.05211e-21 0.000177895 8.12339e-08 5.00384e-12 2.04352e-10 1.11112e-09 2.83023e-06 7.30347e-23 4.05067e-15 0.000229708 3.31526e-15 6.24987e-09 1.10254e-05 1.70377e-09 1.33484e-05 1.27384e-07 3.37654e-05 
2.90815e-38 8.48167e-14 7.77318e-10 0 3.89019e-11 6.77528e-07 1.59658e-25 8.80102e-46 5.88716e-27 1.19593e-23 6.13414e-10 4.00414e-25 3.94034e-10 8.02294e-08 4.74773e-19 4.36397e-16 6.26063e-10 7.244e-21 0.00017287 4.88819e-11 3.38873e-09 1.94938e-07 1.24577e-10 3.21278e-05 5.52573e-21 9.61173e-16 9.50682e-06 9.01323e-14 6.4602e-09 0.00574481 2.66909e-09 9.34507e-05 5.80317e-08 5.89074e-06 8.372e-11 3.13793e-11 
1.66059e-39 1.13339e-19 5.53969e-16 0 3.688e-19 5.08485e-11 1.40325e-27 4.35363e-48 9.04116e-27 6.10608e-24 6.91216e-05 2.7796e-25 3.93357e-10 8.53196e-08 2.03811e-14 1.78566e-21 2.78755e-13 8.91529e-18 0.000223987 5.65597e-07 3.56083e-09 6.92658e-08 1.17643e-09 1.79408e-05 7.69327e-19 1.75077e-15 1.62478e-05 7.36592e-16 2.09968e-08 0.00284871 5.15768e-09 6.02776e-05 0.000398821 4.06195e-05 4.29894e-11 3.3129e-11 0.290214 0.000301802 
9.95323e-18 1.22835e-12 0 0.0049045 1.67887e-10 7.21425e-27 9.47389e-26 1.46324e-22 1.97311e-12 2.0385e-12 5.99057e-18 8.58266e-20 1.09862e-12 1.84469e-15 2.11055e-07 1.21994e-08 2.08012e-11 7.98247e-10 1.11542e-09 1.70302e-05 3.45569e-21 5.10302e-18 1.59408e-05 8.09939e-16 1.03098e-08 0.00382078 5.92302e-07 0.000780384 0.0018634 2.42627e-05 9.00815e-11 2.67294e-06 0.0129033 0.00052503 4.4725e-05 7.45609e-40 6.84985e-48 2.41921e-23 
2.87836e-18 5.32756e-12 0 0.000717752 3.73054e-10 9.75737e-28 2.4348e-24 1.2674e-25 0.000515677 1.82269e-12 4.76461e-19 1.25165e-20 4.1912e-13 9.69133e-16 2.70724e-05 1.43172e-08 2.94475e-11 1.10614e-09 9.83626e-11 4.54599e-07 1.36604e-24 7.18289e-17 1.23058e-05 2.66752e-15 4.74712e-10 0.000311612 1.0405e-06 0.000333271 0.000805412 4.64366e-06 1.84308e-10 5.71704e-07 0.00323022 1.17023e-05 2.72943e-11 4.41612e-39 1.53061e-59 7.02249e-26 0.0419931 
1.99575e-20 1.31468e-09 3.75088e-14 1.12063e-07 2.54275e-28 1.32658e-27 1.88604e-25 5.6575e-12 3.45314e-18 1.37447e-21 1.40087e-12 0.000179182 1.38475e-07 6.55302e-10 5.44893e-10 1.55295e-09 1.54835e-06 1.64492e-23 4.44116e-17 5.33473e-05 3.36493e-12 2.0534e-06 0.00107985 2.23755e-06 0.000158218 0.00151369 1.83892e-05 3.33623e-08 2.20952e-07 0.0133069 4.41282e-05 9.83151e-14 2.95563e-38 0.00899677 9.14562e-11 1.21533e-16 5.71187e-25 1.51004e-45 
4.45856e-14 4.23215e-12 1.77304e-13 6.655e-09 2.04274e-30 7.97342e-29 5.60753e-31 6.39591e-13 1.85845e-19 1.31551e-16 3.83515e-12 0.000118136 4.5231e-07 3.27135e-09 3.44264e-10 9.7132e-13 7.98576e-07 1.81035e-27 3.688e-16 1.94552e-06 1.71477e-14 1.31e-08 0.00148753 9.3748e-07 0.000345094 2.64324e-05 8.47257e-08 4.7529e-10 8.23939e-09 2.79186e-08 3.18599e-14 0.0105865 2.0925e-26 5.34835e-08 0.0105849 2.68609e-39 3.90152e-56 6.36207e-23 
8.72375e-15 1.29027e-12 4.52355e-14 3.37448e-09 3.27027e-30 3.71973e-28 0 7.54117e-11 8.43332e-20 2.35486e-17 1.01e-11 0.0014584 3.17349e-10 6.4327e-10 4.21244e-10 1.4309e-09 5.68136e-07 2.85615e-23 1.16295e-15 2.78963e-06 1.96475e-14 3.76175e-08 0.000503627 5.19474e-07 0.00157358 6.01869e-05 4.37587e-05 9.34159e-10 1.74674e-10 0.000227273 2.60102e-14 0.00476125 3.49582e-26 4.85873e-08 0.00265392 3.36643e-40 6.99698e-53 4.04576e-21 
