0 0 0 
0 0 0 0 
0 0 0 2.0115e-77 0 
0 0 0 6.44648e-76 0 0 
0 0 0 4.74169e-60 3.72821e-15 0 6.16467e-97 
0 1.00871e-208 0 7.45719e-55 6.8333e-274 0 7.50667e-87 6.6916e-63 
0 7.40937e-131 0 2.01464e-67 1.17389e-270 0 9.26932e-87 1.69856e-61 1.17759e-37 0 
0 3.51392e-140 0 0 0 0 0 8.9825e-129 2.75321e-56 3.48642e-42 0 1.30606e-25 7.85867e-110 0 
0 6.18811e-159 0 0 0 0 0 5.2174e-134 8.76826e-45 4.06768e-34 1.23994e-302 8.44195e-27 9.99752e-91 0 1.18846e-52 
0 2.15952e-133 0 0 0 0 0 5.42909e-132 7.63581e-117 2.02222e-33 2.96677e-305 3.55754e-26 1.81797e-105 0 7.25425e-54 4.36064e-59 
0 1.14338e-127 0 0 0 0 0 3.2008e-221 9.96247e-122 4.3326e-33 1.24338e-307 1.53188e-36 3.71379e-106 0 1.60333e-54 6.27275e-60 4.07079e-236 
0 2.903e-129 0 0 0 0 0 4.13116e-222 8.32459e-122 3.101e-33 1.05724e-307 4.95189e-36 3.03589e-106 2.26077e-182 2.56694e-54 3.77893e-60 2.98374e-147 3.05506e-146 
0 2.40109e-148 0 2.11916e-71 0 0 1.83721e-92 3.27187e-112 2.91493e-80 2.33838e-33 4.90255e-267 3.3923e-22 2.08387e-83 8.06891e-185 2.8312e-49 9.98381e-41 1.14715e-147 5.36337e-147 7.39096e-41 
0 5.06909e-167 0 0 0 0 0 6.69687e-115 7.65872e-103 1.52305e-33 1.1138e-308 1.18093e-22 6.1756e-85 4.44513e-189 2.50505e-49 6.62638e-48 1.85929e-149 3.61304e-149 7.43558e-41 6.18702e-35 
0 3.48803e-130 0 1.22545e-63 4.05278e-110 0 6.27584e-83 4.03472e-116 7.83452e-72 9.94056e-35 8.27601e-240 6.36618e-23 7.94608e-77 6.60073e-190 6.43379e-49 4.4545e-36 2.30502e-145 8.62614e-145 1.52459e-45 2.42571e-34 5.02122e-44 4.58388e-150 
0 2.15013e-80 0 3.00827e-63 2.00662e-115 0 0 9.03332e-228 0 1.31954e-34 0 1.05461e-37 3.74102e-132 2.24723e-186 6.95556e-56 2.95159e-39 2.25265e-149 1.9625e-149 5.40142e-63 3.53025e-37 1.32238e-78 1.45163e-150 1.2534e-21 
0 6.23186e-142 7.80363e-239 0 7.77039e-112 0 0 2.81575e-229 1.41711e-106 1.29928e-35 0 0 1.37431e-133 1.73787e-188 5.81265e-72 1.18856e-51 2.36946e-145 1.26479e-144 8.52572e-64 1.52595e-38 1.24844e-83 4.2177e-150 1.04677e-21 4.80011e-33 
0 1.52694e-149 6.75671e-232 0 1.3815e-47 0 0 5.23108e-229 1.98026e-106 1.86739e-34 0 1.40193e-44 1.08552e-136 1.05065e-185 3.04916e-66 5.03245e-51 8.57184e-146 1.16963e-144 6.05632e-53 5.31671e-39 3.01683e-82 1.61512e-118 1.00057e-20 9.07599e-33 2.83249e-35 
0 6.35874e-147 2.41072e-155 8.59548e-76 2.36622e-45 7.90057e-102 0 1.07856e-156 1.12362e-107 2.68126e-35 0 8.65322e-32 3.95823e-136 8.31219e-189 1.05171e-52 2.74461e-50 3.30918e-145 2.8485e-144 6.90085e-52 5.54168e-37 3.53215e-70 2.51009e-29 4.98664e-22 2.22705e-33 1.27106e-33 0.0112817 3.24761e-67 
0 4.9711e-101 1.02536e-182 0 1.27995e-41 1.13199e-106 0 3.7907e-98 6.22903e-32 0 1.05042e-25 4.73514e-106 1.70421e-162 5.8097e-52 1.85349e-48 2.79305e-140 7.64712e-140 8.58191e-43 9.25501e-34 2.38722e-55 1.31175e-45 3.76041e-20 8.78638e-23 3.55875e-18 1.73044e-57 2.0024e-128 0.123205 
0 5.86546e-88 8.68771e-178 6.19115e-71 1.8355e-163 1.47398e-110 3.33535e-97 2.44857e-35 5.54627e-303 3.35302e-30 2.13202e-92 3.5143e-191 1.60412e-54 1.21972e-35 3.0334e-127 5.31283e-49 5.56493e-30 1.86737e-59 1.30664e-53 4.34307e-22 3.01492e-33 7.5494e-21 1.50667e-64 9.09384e-54 0.00824682 9.30322e-148 1.97249e-126 
0 3.94213e-107 2.86197e-174 2.36153e-77 1.05343e-171 0 3.38306e-98 3.83587e-34 0 1.57808e-23 1.15752e-80 7.26786e-188 2.02897e-47 9.60016e-49 5.13421e-126 1.06374e-50 9.86388e-33 8.55084e-61 8.32537e-49 3.9937e-21 7.09285e-28 2.3221e-21 2.38742e-51 1.14404e-124 2.70423e-56 0.0104556 5.56562e-118 
0 0 0 
0 0 0 0 
8.62379e-46 0 0 8.30831e-234 1.7816e-41 
2.23761e-38 0 0 3.47547e-58 2.44108e-26 1.43886e-29 0 3.80495e-41 1.50585e-32 
2.28509e-41 0 0 1.25531e-89 1.09957e-26 2.1163e-30 1.49249e-59 1.01542e-24 0 8.03062e-18 
2.83512e-34 1.01213e-29 0 1.65839e-31 6.51671e-35 5.54497e-39 3.24601e-57 4.27933e-30 0 1.99125e-18 6.40464e-19 5.94822e-24 7.70029e-35 0 
9.32603e-33 0 0 3.37425e-49 3.15974e-32 0 9.73014e-57 9.72904e-32 1.60272e-26 1.53433e-29 1.84337e-07 0 1.18006e-34 0 1.66899e-47 
2.18145e-34 7.79227e-31 0 3.92491e-55 1.88047e-32 0 9.27617e-71 6.38417e-32 0 1.9301e-18 8.29022e-21 2.42455e-25 1.23844e-34 0 4.66285e-49 2.97156e-26 
1.373e-50 0 0 1.02727e-22 6.92442e-32 0 3.21688e-49 2.15149e-36 4.29996e-25 8.08766e-18 5.35893e-10 4.35306e-24 1.32014e-34 0 5.48956e-43 2.84603e-18 1.2822e-19 
9.01443e-31 5.44954e-32 0 5.59965e-38 9.76685e-32 1.0044e-16 4.25737e-60 2.39139e-37 7.74522e-29 2.00132e-32 1.21146e-08 1.38185e-24 3.16188e-34 0 4.65106e-51 1.20252e-24 5.40359e-22 1.3066e-11 
8.40573e-40 1.86577e-31 0 1.45434e-23 7.50617e-34 1.00625e-15 5.41732e-56 8.23647e-37 9.16266e-28 3.77355e-13 5.55244e-10 1.62242e-24 1.0741e-35 6.40049e-31 5.25681e-48 2.29355e-21 6.74727e-21 3.54974e-07 2.38385e-09 
2.45516e-47 8.18287e-31 0 5.52254e-20 4.03159e-36 8.49796e-16 4.14077e-52 3.15981e-41 3.37682e-29 2.12614e-20 8.49516e-18 2.69788e-24 1.70388e-38 0 1.80361e-46 2.65814e-21 3.61151e-22 3.69649e-08 1.08475e-09 3.5836e-21 
9.43842e-46 1.68476e-30 0 3.48014e-08 1.61028e-47 5.31848e-16 3.44358e-55 9.04905e-30 2.50616e-28 1.26997e-18 1.13991e-17 2.45197e-24 2.99382e-40 6.46895e-30 2.96758e-47 2.24944e-19 1.43605e-22 3.95152e-09 8.24608e-10 5.07389e-21 5.88143e-22 
2.30144e-32 1.63168e-30 0 1.00993e-09 1.6362e-39 8.61291e-16 3.1367e-54 2.66294e-36 7.9832e-24 2.68656e-19 1.77741e-08 2.04165e-25 1.06123e-39 9.99145e-47 5.63468e-49 2.22109e-13 3.713e-25 2.38678e-12 1.77665e-09 2.31028e-23 2.3408e-25 1.99826e-08 
2.26865e-31 1.68311e-30 0 8.01612e-09 7.03452e-34 2.7946e-16 5.09608e-48 1.99122e-24 1.39315e-22 2.7392e-16 3.05638e-08 2.99552e-24 4.1086e-38 1.31224e-28 8.68799e-51 4.44734e-17 5.69845e-20 2.50921e-08 1.39941e-09 5.29129e-23 2.19982e-23 1.97029e-08 3.11468e-15 
1.07148e-35 1.33305e-30 0 2.85205e-10 4.28514e-35 3.0362e-24 9.30062e-48 3.71811e-24 9.79259e-23 6.79793e-17 1.52098e-16 5.4669e-24 1.50009e-37 4.91147e-42 6.52851e-55 7.53165e-14 7.08615e-24 1.9708e-10 7.51205e-12 7.59254e-24 5.77179e-23 1.95951e-09 4.5264e-15 6.58453e-19 
1.0582e-38 4.93951e-31 0 2.76985e-14 1.27111e-36 5.81317e-17 1.55705e-60 9.24459e-11 9.32747e-22 1.53917e-15 8.66079e-09 6.16449e-25 3.58447e-36 2.45326e-48 1.62023e-47 1.36957e-15 5.47258e-23 3.75913e-06 6.56433e-08 3.01124e-23 7.28851e-24 1.20488e-08 1.01388e-17 3.1833e-18 9.70075e-08 
1.64713e-37 1.91008e-31 0 1.27467e-06 2.99473e-37 1.11701e-16 9.17605e-61 3.15637e-11 2.24689e-21 2.64566e-15 4.0787e-09 1.09653e-24 1.71751e-35 3.89824e-48 5.32476e-48 5.58415e-15 1.03243e-22 1.74685e-06 2.02091e-08 3.60821e-23 3.52853e-24 1.40226e-08 3.13928e-18 1.07179e-18 3.67989e-08 2.05329e-06 
1.14281e-38 7.36663e-30 0 2.91877e-06 2.58159e-37 4.33553e-16 6.28238e-56 1.44383e-11 3.10182e-26 1.01572e-13 2.0402e-06 3.49164e-24 1.56278e-40 5.69911e-53 1.44827e-50 4.03411e-15 7.63579e-24 1.11659e-05 4.93051e-08 3.13949e-23 3.75855e-24 8.7089e-09 5.47286e-17 1.47996e-17 9.02194e-13 2.58281e-06 0.00097893 
1.01764e-38 6.42742e-31 0 3.32255e-06 2.03432e-36 2.15548e-17 3.72973e-58 1.43921e-11 1.67938e-30 1.40875e-13 1.85429e-06 3.44106e-25 2.19431e-40 3.91727e-27 1.10763e-51 1.78736e-15 3.81625e-24 2.87605e-06 7.43337e-08 2.51052e-23 1.74509e-24 4.34076e-09 2.25959e-18 3.98149e-19 2.73212e-13 1.73046e-06 0.000905875 6.57244e-05 
1.82022e-35 7.46117e-31 0 1.71617e-06 4.98737e-33 1.79368e-17 1.10639e-16 2.93412e-11 1.20499e-29 3.6347e-13 2.78038e-06 1.50468e-24 1.66583e-37 9.15403e-26 6.75574e-47 5.58318e-16 2.80943e-22 1.60588e-10 2.81436e-11 3.46387e-23 1.68741e-24 2.17796e-08 3.49321e-18 1.51482e-18 1.54233e-06 1.39578e-06 0.0017137 2.05893e-05 5.08654e-07 
4.83823e-41 2.23172e-21 0 6.94555e-06 1.77586e-36 7.51451e-17 7.88774e-16 1.31328e-10 0 1.00436e-13 0.000195723 1.05611e-23 2.2448e-35 1.26682e-23 6.6561e-47 0.0024083 9.96164e-24 2.28831e-06 1.56182e-08 8.59086e-24 2.14675e-23 3.21424e-10 9.70313e-17 1.32054e-18 1.97987e-11 4.85809e-06 0.000753016 3.31995e-05 4.93564e-07 0.00383258 
8.47743e-38 0 0 4.09063e-06 2.10661e-35 1.76213e-17 1.82388e-15 1.10739e-11 1.64443e-21 1.33677e-13 0.000248288 3.74935e-25 1.87365e-13 7.68539e-25 1.16705e-43 0.00109322 6.69171e-23 6.45169e-12 8.08089e-11 1.43366e-22 2.41081e-23 1.56087e-09 6.91012e-18 3.51577e-19 1.11672e-07 3.21561e-06 0.000902664 0.000140942 5.38819e-06 0.00112502 1.3441e-06 
2.68262e-09 1.22579e-19 0 2.00682e-06 2.13804e-35 4.38108e-16 5.31637e-16 1.91863e-10 2.38785e-20 9.9927e-15 0.000324892 1.35083e-24 1.18851e-13 3.42667e-27 1.2536e-46 0.00219136 4.05024e-22 1.35307e-11 7.55075e-11 4.41987e-23 6.18131e-24 6.19004e-10 5.21136e-18 3.19859e-18 1.37231e-07 2.55014e-06 2.80823e-06 0.000157059 6.89656e-07 1.16284e-05 4.37237e-06 0.000109326 
1.70688e-08 1.1569e-21 9.87709e-07 1.35049e-19 0.00639026 4.74419e-19 1.51447e-30 7.06945e-19 0.000344764 1.20113e-26 5.6834e-09 0.00113079 0.00265323 7.27406e-22 4.39356e-08 1.52449e-11 6.04325e-23 9.71146e-24 9.86762e-10 1.78924e-18 5.29741e-20 7.05003e-08 1.67577e-06 4.78106e-06 1.93379e-08 3.44857e-07 0.00969796 1.94087e-07 7.90421e-06 1.3251e-07 3.38744e-52 1.75642e-38 0.0528017 4.49287e-12 8.08654e-12 
1.00996e-05 0 1.12269e-06 7.17673e-18 0.00102272 4.96425e-12 2.98833e-27 1.18223e-18 0.000533416 1.59154e-27 2.37266e-09 0.0059916 0.00123815 2.70854e-19 1.73669e-07 1.17752e-09 8.6677e-27 1.47185e-25 1.89444e-09 2.29691e-21 2.90268e-20 3.25327e-15 2.19085e-10 1.94388e-07 0.000134551 3.34232e-07 0.0126815 0.000191742 1.19642e-08 0.000190232 1.357e-43 0.341539 1.18064e-12 1.04848e-08 1.14756 0.213107 
2.62435e-06 0 1.91178e-06 1.97105e-18 0.00195917 1.91277e-12 2.18765e-26 3.431e-13 7.85965e-05 8.39762e-28 3.48236e-08 0.00435563 0.0013366 1.54606e-17 2.10763e-07 8.38908e-10 4.39543e-24 4.58701e-25 8.84098e-10 1.44229e-15 1.17525e-20 3.72654e-14 2.90517e-07 0.00135998 2.12206e-08 1.3361e-07 8.45395e-05 0.00132258 1.66266e-08 1.3105e-07 2.85743e-42 0.0724168 2.65489e-12 1.40372e-11 1.65817e-54 
7.32829e-10 1.33018e-22 8.65801e-08 1.53231e-18 3.49716e-10 2.17583e-11 1.11203e-26 1.45187e-19 0.000272668 4.91863e-27 2.1497e-09 0.245208 0.00269642 1.50842e-22 7.57051e-08 4.89865e-11 5.90434e-26 3.71959e-25 1.0364e-09 2.56651e-18 4.85253e-20 1.48522e-13 2.12895e-06 3.97794e-06 3.2694e-06 2.30793e-07 0.00790564 0.00248901 8.02764e-10 2.62958e-06 7.36718e-39 2.86333e-12 9.50518e-12 3.28773e-49 
2.58877e-08 3.10194e-28 4.14201e-09 2.31123e-18 4.05939e-13 5.62709e-08 5.98828e-29 4.90554e-15 0.000149536 2.20911e-25 2.99252e-11 0.00138895 1.64747e-20 2.86116e-07 2.45863e-09 1.04529e-25 1.43901e-25 8.32611e-10 3.76663e-19 4.10795e-20 7.06837e-10 8.71168e-07 0.000235766 1.18343e-05 2.39243e-08 0.00139119 0.000810485 1.22286e-06 7.48829e-05 1.8437e-12 2.49104e-10 0.00880209 1.42804e-39 9.57705e-57 
